0004-0205-0225_X_pos,0004-0205-0225_Y_pos,0004-0205-0225_inc_mCherry_cells
201,64,748
202,64,780
199,65,758
200,65,759
201,65,775
202,65,748
203,65,763
204,65,751
197,66,754
198,66,752
199,66,762
200,66,766
201,66,754
202,66,768
203,66,755
204,66,761
205,66,759
206,66,768
195,67,763
196,67,760
197,67,762
198,67,774
199,67,752
200,67,777
201,67,763
202,67,758
203,67,765
204,67,752
205,67,781
206,67,762
207,67,788
208,67,775
193,68,742
194,68,762
195,68,746
196,68,763
197,68,758
198,68,749
199,68,759
200,68,744
201,68,764
202,68,767
203,68,751
204,68,759
205,68,758
206,68,745
207,68,764
208,68,756
209,68,762
210,68,769
191,69,764
192,69,760
193,69,763
194,69,767
195,69,772
196,69,763
197,69,763
198,69,763
199,69,754
200,69,764
201,69,766
202,69,770
203,69,766
204,69,761
205,69,756
206,69,767
207,69,750
208,69,766
209,69,758
210,69,760
211,69,772
212,69,745
188,70,760
189,70,756
190,70,766
191,70,753
192,70,770
193,70,770
194,70,762
195,70,755
196,70,767
197,70,771
198,70,772
199,70,766
200,70,756
201,70,763
202,70,771
203,70,762
204,70,765
205,70,765
206,70,753
207,70,762
208,70,763
209,70,770
210,70,766
211,70,762
212,70,760
213,70,771
214,70,756
185,71,774
186,71,768
187,71,775
188,71,761
189,71,764
190,71,772
191,71,755
192,71,768
193,71,771
194,71,767
195,71,768
196,71,759
197,71,759
198,71,764
199,71,754
200,71,769
201,71,765
202,71,764
203,71,769
204,71,753
205,71,773
206,71,760
207,71,765
208,71,770
209,71,757
210,71,774
211,71,754
212,71,759
213,71,767
214,71,753
215,71,767
216,71,755
182,72,764
183,72,767
184,72,764
185,72,756
186,72,759
187,72,772
188,72,771
189,72,755
190,72,768
191,72,768
192,72,771
193,72,760
194,72,768
195,72,763
196,72,761
197,72,776
198,72,758
199,72,770
200,72,759
201,72,763
202,72,773
203,72,770
204,72,769
205,72,766
206,72,758
207,72,772
208,72,769
209,72,764
210,72,767
211,72,758
212,72,772
213,72,755
214,72,756
215,72,772
216,72,762
217,72,759
218,72,750
219,72,768
179,73,765
180,73,769
181,73,766
182,73,768
183,73,762
184,73,760
185,73,760
186,73,755
187,73,763
188,73,751
189,73,764
190,73,760
191,73,766
192,73,756
193,73,762
194,73,763
195,73,760
196,73,783
197,73,769
198,73,765
199,73,761
200,73,763
201,73,764
202,73,770
203,73,761
204,73,764
205,73,769
206,73,769
207,73,776
208,73,752
209,73,761
210,73,762
211,73,768
212,73,766
213,73,769
214,73,765
215,73,772
216,73,770
217,73,761
218,73,769
219,73,766
220,73,764
221,73,767
175,74,758
176,74,777
177,74,758
178,74,754
179,74,763
180,74,760
181,74,777
182,74,762
183,74,774
184,74,760
185,74,758
186,74,768
187,74,765
188,74,754
189,74,761
190,74,765
191,74,753
192,74,755
193,74,753
194,74,766
195,74,763
196,74,767
197,74,770
198,74,768
199,74,775
200,74,749
201,74,768
202,74,763
203,74,764
204,74,771
205,74,750
206,74,775
207,74,747
208,74,767
209,74,766
210,74,748
211,74,751
212,74,771
213,74,764
214,74,766
215,74,774
216,74,760
217,74,761
218,74,758
219,74,766
220,74,767
221,74,756
222,74,772
223,74,757
172,75,761
173,75,762
174,75,763
175,75,765
176,75,757
177,75,774
178,75,759
179,75,769
180,75,758
181,75,761
182,75,770
183,75,754
184,75,777
185,75,761
186,75,779
187,75,773
188,75,766
189,75,758
190,75,764
191,75,769
192,75,761
193,75,772
194,75,761
195,75,767
196,75,774
197,75,759
198,75,758
199,75,776
200,75,771
201,75,764
202,75,767
203,75,764
204,75,764
205,75,764
206,75,765
207,75,762
208,75,761
209,75,765
210,75,757
211,75,765
212,75,761
213,75,769
214,75,754
215,75,752
216,75,773
217,75,764
218,75,767
219,75,766
220,75,757
221,75,761
222,75,756
223,75,764
224,75,750
225,75,762
169,76,765
170,76,764
171,76,771
172,76,759
173,76,766
174,76,765
175,76,773
176,76,771
177,76,758
178,76,761
179,76,759
180,76,775
181,76,771
182,76,766
183,76,769
184,76,765
185,76,775
186,76,763
187,76,774
188,76,755
189,76,772
190,76,761
191,76,766
192,76,759
193,76,762
194,76,773
195,76,759
196,76,776
197,76,756
198,76,769
199,76,761
200,76,764
201,76,760
202,76,759
203,76,776
204,76,763
205,76,777
206,76,764
207,76,770
208,76,762
209,76,767
210,76,765
211,76,762
212,76,764
213,76,766
214,76,768
215,76,759
216,76,757
217,76,768
218,76,764
219,76,772
220,76,761
221,76,780
222,76,761
223,76,767
224,76,759
225,76,773
226,76,765
227,76,769
166,77,764
167,77,765
168,77,758
169,77,766
170,77,774
171,77,773
172,77,766
173,77,769
174,77,767
175,77,772
176,77,777
177,77,763
178,77,770
179,77,767
180,77,770
181,77,765
182,77,777
183,77,769
184,77,772
185,77,778
186,77,761
187,77,788
188,77,772
189,77,766
190,77,767
191,77,759
192,77,770
193,77,759
194,77,768
195,77,764
196,77,768
197,77,761
198,77,763
199,77,765
200,77,766
201,77,772
202,77,762
203,77,763
204,77,762
205,77,766
206,77,778
207,77,762
208,77,767
209,77,756
210,77,770
211,77,767
212,77,767
213,77,765
214,77,775
215,77,762
216,77,756
217,77,760
218,77,754
219,77,778
220,77,766
221,77,767
222,77,769
223,77,762
224,77,774
225,77,759
226,77,772
227,77,780
228,77,756
229,77,777
163,78,770
164,78,758
165,78,782
166,78,766
167,78,765
168,78,765
169,78,761
170,78,772
171,78,771
172,78,774
173,78,765
174,78,768
175,78,772
176,78,754
177,78,762
178,78,758
179,78,767
180,78,775
181,78,763
182,78,774
183,78,769
184,78,767
185,78,767
186,78,770
187,78,764
188,78,776
189,78,764
190,78,767
191,78,771
192,78,772
193,78,778
194,78,756
195,78,777
196,78,757
197,78,764
198,78,763
199,78,778
200,78,771
201,78,767
202,78,767
203,78,760
204,78,772
205,78,767
206,78,773
207,78,767
208,78,768
209,78,765
210,78,766
211,78,784
212,78,765
213,78,767
214,78,755
215,78,768
216,78,775
217,78,758
218,78,778
219,78,760
220,78,767
221,78,764
222,78,764
223,78,768
224,78,756
225,78,773
226,78,779
227,78,768
228,78,768
229,78,771
230,78,764
231,78,777
162,79,774
163,79,769
164,79,768
165,79,770
166,79,764
167,79,756
168,79,779
169,79,762
170,79,770
171,79,767
172,79,767
173,79,764
174,79,760
175,79,764
176,79,759
177,79,770
178,79,759
179,79,764
180,79,761
181,79,766
182,79,762
183,79,766
184,79,761
185,79,761
186,79,771
187,79,763
188,79,768
189,79,756
190,79,758
191,79,771
192,79,764
193,79,784
194,79,764
195,79,763
196,79,768
197,79,762
198,79,776
199,79,762
200,79,768
201,79,768
202,79,760
203,79,769
204,79,767
205,79,764
206,79,766
207,79,772
208,79,778
209,79,776
210,79,764
211,79,773
212,79,763
213,79,766
214,79,769
215,79,771
216,79,768
217,79,753
218,79,770
219,79,770
220,79,764
221,79,771
222,79,752
223,79,777
224,79,762
225,79,771
226,79,773
227,79,748
228,79,768
229,79,771
230,79,776
231,79,771
232,79,771
233,79,768
160,80,755
161,80,759
162,80,763
163,80,760
164,80,769
165,80,766
166,80,764
167,80,776
168,80,764
169,80,769
170,80,764
171,80,758
172,80,761
173,80,766
174,80,760
175,80,759
176,80,757
177,80,764
178,80,763
179,80,769
180,80,766
181,80,763
182,80,773
183,80,759
184,80,764
185,80,769
186,80,767
187,80,764
188,80,758
189,80,762
190,80,760
191,80,760
192,80,768
193,80,763
194,80,755
195,80,758
196,80,760
197,80,757
198,80,769
199,80,757
200,80,768
201,80,759
202,80,749
203,80,757
204,80,746
205,80,768
206,80,755
207,80,759
208,80,772
209,80,765
210,80,760
211,80,744
212,80,771
213,80,767
214,80,761
215,80,773
216,80,754
217,80,769
218,80,768
219,80,763
220,80,776
221,80,760
222,80,756
223,80,780
224,80,752
225,80,767
226,80,773
227,80,760
228,80,771
229,80,768
230,80,777
231,80,763
232,80,758
233,80,779
234,80,755
235,80,765
159,81,770
160,81,775
161,81,763
162,81,769
163,81,759
164,81,755
165,81,769
166,81,758
167,81,769
168,81,769
169,81,767
170,81,758
171,81,757
172,81,767
173,81,772
174,81,775
175,81,767
176,81,760
177,81,762
178,81,773
179,81,755
180,81,775
181,81,763
182,81,764
183,81,772
184,81,758
185,81,769
186,81,756
187,81,773
188,81,769
189,81,759
190,81,775
191,81,764
192,81,774
193,81,773
194,81,764
195,81,767
196,81,766
197,81,766
198,81,776
199,81,764
200,81,778
201,81,775
202,81,767
203,81,758
204,81,760
205,81,765
206,81,769
207,81,751
208,81,781
209,81,767
210,81,774
211,81,762
212,81,770
213,81,769
214,81,752
215,81,772
216,81,767
217,81,765
218,81,763
219,81,764
220,81,777
221,81,772
222,81,774
223,81,775
224,81,782
225,81,766
226,81,763
227,81,771
228,81,770
229,81,778
230,81,766
231,81,761
232,81,775
233,81,767
234,81,771
235,81,773
236,81,773
237,81,766
157,82,760
158,82,766
159,82,769
160,82,772
161,82,774
162,82,767
163,82,775
164,82,780
165,82,768
166,82,789
167,82,766
168,82,770
169,82,773
170,82,764
171,82,768
172,82,762
173,82,765
174,82,763
175,82,768
176,82,770
177,82,772
178,82,768
179,82,764
180,82,763
181,82,758
182,82,782
183,82,762
184,82,776
185,82,770
186,82,760
187,82,785
188,82,767
189,82,769
190,82,766
191,82,770
192,82,768
193,82,775
194,82,772
195,82,758
196,82,772
197,82,773
198,82,759
199,82,763
200,82,767
201,82,759
202,82,770
203,82,770
204,82,766
205,82,781
206,82,766
207,82,769
208,82,770
209,82,759
210,82,774
211,82,762
212,82,777
213,82,766
214,82,775
215,82,773
216,82,761
217,82,782
218,82,773
219,82,765
220,82,771
221,82,758
222,82,767
223,82,781
224,82,763
225,82,781
226,82,768
227,82,777
228,82,763
229,82,763
230,82,772
231,82,746
232,82,772
233,82,756
234,82,758
235,82,758
236,82,755
237,82,772
238,82,755
239,82,771
156,83,765
157,83,765
158,83,783
159,83,762
160,83,768
161,83,772
162,83,747
163,83,779
164,83,759
165,83,777
166,83,756
167,83,770
168,83,766
169,83,766
170,83,774
171,83,751
172,83,772
173,83,767
174,83,767
175,83,769
176,83,768
177,83,771
178,83,772
179,83,773
180,83,773
181,83,765
182,83,771
183,83,763
184,83,759
185,83,780
186,83,762
187,83,768
188,83,769
189,83,765
190,83,779
191,83,768
192,83,770
193,83,766
194,83,756
195,83,776
196,83,771
197,83,773
198,83,758
199,83,769
200,83,757
201,83,778
202,83,775
203,83,765
204,83,763
205,83,757
206,83,766
207,83,762
208,83,758
209,83,764
210,83,759
211,83,769
212,83,771
213,83,761
214,83,763
215,83,760
216,83,771
217,83,768
218,83,765
219,83,765
220,83,761
221,83,769
222,83,766
223,83,771
224,83,784
225,83,760
226,83,774
227,83,777
228,83,768
229,83,783
230,83,756
231,83,778
232,83,756
233,83,763
234,83,765
235,83,755
236,83,764
237,83,768
238,83,765
239,83,772
240,83,774
241,83,766
154,84,765
155,84,771
156,84,759
157,84,771
158,84,762
159,84,769
160,84,759
161,84,770
162,84,768
163,84,782
164,84,767
165,84,757
166,84,770
167,84,768
168,84,774
169,84,762
170,84,773
171,84,769
172,84,767
173,84,766
174,84,756
175,84,769
176,84,773
177,84,774
178,84,753
179,84,765
180,84,767
181,84,761
182,84,771
183,84,758
184,84,769
185,84,759
186,84,771
187,84,762
188,84,765
189,84,769
190,84,759
191,84,776
192,84,762
193,84,770
194,84,767
195,84,763
196,84,765
197,84,758
198,84,771
199,84,774
200,84,767
201,84,758
202,84,775
203,84,764
204,84,753
205,84,756
206,84,769
207,84,774
208,84,762
209,84,780
210,84,758
211,84,773
212,84,763
213,84,764
214,84,761
215,84,773
216,84,763
217,84,760
218,84,782
219,84,777
220,84,774
221,84,771
222,84,764
223,84,767
224,84,762
225,84,771
226,84,762
227,84,757
228,84,782
229,84,778
230,84,762
231,84,762
232,84,765
233,84,755
234,84,764
235,84,754
236,84,767
237,84,765
238,84,766
239,84,768
240,84,761
241,84,769
242,84,761
153,85,774
154,85,772
155,85,764
156,85,768
157,85,767
158,85,770
159,85,755
160,85,783
161,85,758
162,85,774
163,85,764
164,85,772
165,85,783
166,85,760
167,85,771
168,85,765
169,85,762
170,85,763
171,85,775
172,85,783
173,85,770
174,85,782
175,85,767
176,85,770
177,85,768
178,85,782
179,85,761
180,85,763
181,85,756
182,85,777
183,85,761
184,85,760
185,85,771
186,85,755
187,85,773
188,85,769
189,85,773
190,85,766
191,85,766
192,85,764
193,85,760
194,85,771
195,85,760
196,85,775
197,85,764
198,85,776
199,85,763
200,85,766
201,85,768
202,85,762
203,85,775
204,85,749
205,85,769
206,85,764
207,85,767
208,85,772
209,85,760
210,85,779
211,85,776
212,85,772
213,85,774
214,85,762
215,85,762
216,85,768
217,85,760
218,85,765
219,85,777
220,85,760
221,85,774
222,85,758
223,85,774
224,85,773
225,85,769
226,85,783
227,85,764
228,85,782
229,85,758
230,85,765
231,85,764
232,85,751
233,85,778
234,85,759
235,85,768
236,85,751
237,85,762
238,85,758
239,85,763
240,85,757
241,85,760
242,85,770
243,85,759
244,85,781
151,86,758
152,86,763
153,86,757
154,86,766
155,86,767
156,86,773
157,86,770
158,86,758
159,86,767
160,86,763
161,86,770
162,86,755
163,86,767
164,86,762
165,86,775
166,86,771
167,86,761
168,86,761
169,86,759
170,86,768
171,86,764
172,86,775
173,86,750
174,86,775
175,86,763
176,86,759
177,86,771
178,86,763
179,86,778
180,86,767
181,86,769
182,86,769
183,86,760
184,86,769
185,86,759
186,86,766
187,86,754
188,86,762
189,86,755
190,86,774
191,86,766
192,86,766
193,86,753
194,86,757
195,86,769
196,86,751
197,86,765
198,86,759
199,86,771
200,86,769
201,86,760
202,86,769
203,86,769
204,86,771
205,86,762
206,86,769
207,86,769
208,86,761
209,86,766
210,86,760
211,86,759
212,86,763
213,86,767
214,86,762
215,86,761
216,86,771
217,86,765
218,86,770
219,86,766
220,86,768
221,86,755
222,86,763
223,86,763
224,86,766
225,86,760
226,86,766
227,86,769
228,86,769
229,86,766
230,86,764
231,86,768
232,86,766
233,86,776
234,86,768
235,86,773
236,86,767
237,86,760
238,86,781
239,86,762
240,86,764
241,86,771
242,86,774
243,86,769
244,86,768
245,86,767
246,86,779
150,87,775
151,87,755
152,87,764
153,87,752
154,87,772
155,87,784
156,87,765
157,87,771
158,87,760
159,87,761
160,87,769
161,87,760
162,87,769
163,87,761
164,87,782
165,87,757
166,87,762
167,87,774
168,87,766
169,87,770
170,87,762
171,87,771
172,87,776
173,87,768
174,87,768
175,87,765
176,87,759
177,87,779
178,87,755
179,87,777
180,87,771
181,87,768
182,87,767
183,87,765
184,87,778
185,87,760
186,87,771
187,87,771
188,87,766
189,87,762
190,87,772
191,87,778
192,87,759
193,87,777
194,87,769
195,87,777
196,87,766
197,87,775
198,87,768
199,87,763
200,87,774
201,87,759
202,87,779
203,87,765
204,87,764
205,87,769
206,87,758
207,87,770
208,87,764
209,87,776
210,87,772
211,87,765
212,87,767
213,87,766
214,87,765
215,87,759
216,87,766
217,87,763
218,87,774
219,87,756
220,87,771
221,87,770
222,87,768
223,87,775
224,87,759
225,87,765
226,87,769
227,87,756
228,87,773
229,87,761
230,87,775
231,87,763
232,87,773
233,87,760
234,87,765
235,87,759
236,87,763
237,87,758
238,87,775
239,87,766
240,87,766
241,87,761
242,87,750
243,87,763
244,87,761
245,87,767
246,87,785
247,87,757
248,87,770
148,88,762
149,88,770
150,88,767
151,88,757
152,88,779
153,88,764
154,88,764
155,88,764
156,88,773
157,88,772
158,88,774
159,88,767
160,88,759
161,88,772
162,88,769
163,88,769
164,88,777
165,88,776
166,88,778
167,88,772
168,88,767
169,88,777
170,88,780
171,88,783
172,88,768
173,88,765
174,88,775
175,88,766
176,88,785
177,88,765
178,88,767
179,88,768
180,88,758
181,88,787
182,88,767
183,88,777
184,88,762
185,88,764
186,88,774
187,88,772
188,88,765
189,88,770
190,88,763
191,88,772
192,88,772
193,88,763
194,88,768
195,88,760
196,88,770
197,88,773
198,88,769
199,88,765
200,88,764
201,88,766
202,88,766
203,88,766
204,88,766
205,88,769
206,88,766
207,88,762
208,88,755
209,88,772
210,88,765
211,88,768
212,88,773
213,88,757
214,88,769
215,88,772
216,88,772
217,88,781
218,88,759
219,88,769
220,88,770
221,88,774
222,88,767
223,88,766
224,88,763
225,88,774
226,88,773
227,88,766
228,88,778
229,88,758
230,88,777
231,88,759
232,88,785
233,88,773
234,88,763
235,88,781
236,88,762
237,88,774
238,88,773
239,88,756
240,88,779
241,88,757
242,88,769
243,88,769
244,88,768
245,88,780
246,88,771
247,88,763
248,88,764
249,88,762
250,88,770
147,89,765
148,89,755
149,89,774
150,89,762
151,89,770
152,89,765
153,89,762
154,89,766
155,89,771
156,89,765
157,89,777
158,89,756
159,89,773
160,89,768
161,89,786
162,89,772
163,89,760
164,89,773
165,89,763
166,89,784
167,89,761
168,89,761
169,89,770
170,89,755
171,89,758
172,89,772
173,89,768
174,89,771
175,89,752
176,89,773
177,89,781
178,89,767
179,89,772
180,89,765
181,89,770
182,89,763
183,89,765
184,89,782
185,89,776
186,89,774
187,89,757
188,89,767
189,89,762
190,89,768
191,89,767
192,89,761
193,89,767
194,89,761
195,89,756
196,89,762
197,89,771
198,89,764
199,89,765
200,89,764
201,89,765
202,89,775
203,89,754
204,89,772
205,89,770
206,89,763
207,89,772
208,89,756
209,89,772
210,89,765
211,89,767
212,89,767
213,89,762
214,89,759
215,89,765
216,89,768
217,89,769
218,89,767
219,89,757
220,89,775
221,89,768
222,89,766
223,89,772
224,89,772
225,89,775
226,89,758
227,89,767
228,89,765
229,89,760
230,89,770
231,89,771
232,89,774
233,89,764
234,89,763
235,89,770
236,89,767
237,89,765
238,89,758
239,89,767
240,89,758
241,89,772
242,89,769
243,89,766
244,89,764
245,89,769
246,89,774
247,89,763
248,89,760
249,89,763
250,89,770
251,89,764
252,89,772
145,90,785
146,90,765
147,90,767
148,90,768
149,90,769
150,90,765
151,90,765
152,90,770
153,90,766
154,90,771
155,90,761
156,90,783
157,90,766
158,90,763
159,90,776
160,90,773
161,90,779
162,90,764
163,90,777
164,90,771
165,90,781
166,90,761
167,90,777
168,90,768
169,90,770
170,90,768
171,90,765
172,90,760
173,90,767
174,90,772
175,90,766
176,90,782
177,90,764
178,90,764
179,90,762
180,90,764
181,90,775
182,90,756
183,90,767
184,90,759
185,90,764
186,90,761
187,90,755
188,90,767
189,90,754
190,90,758
191,90,763
192,90,759
193,90,769
194,90,771
195,90,776
196,90,758
197,90,762
198,90,763
199,90,764
200,90,770
201,90,775
202,90,774
203,90,757
204,90,778
205,90,757
206,90,769
207,90,765
208,90,769
209,90,768
210,90,762
211,90,762
212,90,761
213,90,757
214,90,766
215,90,766
216,90,772
217,90,763
218,90,761
219,90,762
220,90,766
221,90,760
222,90,773
223,90,751
224,90,773
225,90,768
226,90,766
227,90,769
228,90,756
229,90,760
230,90,775
231,90,753
232,90,774
233,90,762
234,90,766
235,90,753
236,90,766
237,90,770
238,90,757
239,90,754
240,90,767
241,90,762
242,90,771
243,90,755
244,90,768
245,90,769
246,90,760
247,90,764
248,90,767
249,90,763
250,90,758
251,90,758
252,90,766
253,90,770
144,91,769
145,91,769
146,91,774
147,91,777
148,91,761
149,91,777
150,91,763
151,91,772
152,91,773
153,91,774
154,91,765
155,91,758
156,91,771
157,91,768
158,91,780
159,91,777
160,91,775
161,91,773
162,91,769
163,91,773
164,91,757
165,91,766
166,91,777
167,91,765
168,91,777
169,91,762
170,91,777
171,91,768
172,91,764
173,91,761
174,91,781
175,91,771
176,91,765
177,91,781
178,91,759
179,91,773
180,91,764
181,91,768
182,91,762
183,91,762
184,91,766
185,91,767
186,91,764
187,91,773
188,91,772
189,91,765
190,91,775
191,91,762
192,91,777
193,91,762
194,91,785
195,91,761
196,91,757
197,91,768
198,91,743
199,91,771
200,91,757
201,91,768
202,91,765
203,91,743
204,91,770
205,91,755
206,91,768
207,91,773
208,91,756
209,91,769
210,91,755
211,91,770
212,91,763
213,91,764
214,91,767
215,91,762
216,91,770
217,91,762
218,91,772
219,91,765
220,91,765
221,91,758
222,91,754
223,91,767
224,91,767
225,91,767
226,91,762
227,91,770
228,91,755
229,91,778
230,91,772
231,91,769
232,91,779
233,91,759
234,91,766
235,91,755
236,91,769
237,91,753
238,91,777
239,91,755
240,91,755
241,91,776
242,91,775
243,91,774
244,91,770
245,91,761
246,91,774
247,91,766
248,91,773
249,91,773
250,91,764
251,91,763
252,91,757
253,91,767
254,91,767
255,91,760
142,92,770
143,92,764
144,92,763
145,92,765
146,92,764
147,92,776
148,92,760
149,92,765
150,92,774
151,92,786
152,92,768
153,92,778
154,92,759
155,92,767
156,92,763
157,92,761
158,92,767
159,92,764
160,92,780
161,92,758
162,92,770
163,92,768
164,92,758
165,92,773
166,92,768
167,92,777
168,92,756
169,92,769
170,92,764
171,92,763
172,92,764
173,92,766
174,92,761
175,92,772
176,92,761
177,92,771
178,92,775
179,92,778
180,92,769
181,92,766
182,92,774
183,92,778
184,92,779
185,92,778
186,92,777
187,92,777
188,92,771
189,92,788
190,92,774
191,92,774
192,92,765
193,92,771
194,92,771
195,92,757
196,92,776
197,92,762
198,92,778
199,92,782
200,92,767
201,92,789
202,92,765
203,92,769
204,92,775
205,92,758
206,92,769
207,92,761
208,92,772
209,92,770
210,92,758
211,92,776
212,92,777
213,92,768
214,92,765
215,92,760
216,92,774
217,92,761
218,92,771
219,92,774
220,92,766
221,92,777
222,92,766
223,92,763
224,92,772
225,92,764
226,92,768
227,92,779
228,92,771
229,92,772
230,92,769
231,92,766
232,92,772
233,92,775
234,92,775
235,92,776
236,92,771
237,92,777
238,92,772
239,92,771
240,92,774
241,92,772
242,92,759
243,92,772
244,92,777
245,92,771
246,92,762
247,92,763
248,92,783
249,92,760
250,92,771
251,92,776
252,92,762
253,92,793
254,92,759
255,92,771
256,92,780
257,92,764
141,93,766
142,93,755
143,93,773
144,93,763
145,93,751
146,93,764
147,93,761
148,93,764
149,93,767
150,93,770
151,93,766
152,93,771
153,93,764
154,93,759
155,93,776
156,93,760
157,93,771
158,93,772
159,93,773
160,93,763
161,93,760
162,93,773
163,93,753
164,93,766
165,93,769
166,93,775
167,93,775
168,93,768
169,93,780
170,93,763
171,93,763
172,93,776
173,93,758
174,93,778
175,93,763
176,93,774
177,93,759
178,93,765
179,93,772
180,93,758
181,93,771
182,93,766
183,93,779
184,93,771
185,93,771
186,93,778
187,93,770
188,93,766
189,93,775
190,93,764
191,93,782
192,93,771
193,93,767
194,93,770
195,93,766
196,93,762
197,93,762
198,93,767
199,93,768
200,93,758
201,93,771
202,93,761
203,93,763
204,93,762
205,93,765
206,93,769
207,93,758
208,93,786
209,93,761
210,93,775
211,93,774
212,93,751
213,93,772
214,93,748
215,93,786
216,93,760
217,93,760
218,93,765
219,93,753
220,93,767
221,93,765
222,93,768
223,93,768
224,93,767
225,93,763
226,93,754
227,93,760
228,93,779
229,93,766
230,93,764
231,93,769
232,93,760
233,93,759
234,93,753
235,93,766
236,93,761
237,93,753
238,93,776
239,93,755
240,93,770
241,93,779
242,93,769
243,93,776
244,93,759
245,93,772
246,93,767
247,93,760
248,93,777
249,93,747
250,93,777
251,93,764
252,93,776
253,93,775
254,93,761
255,93,766
256,93,761
257,93,771
258,93,753
259,93,758
139,94,756
140,94,776
141,94,764
142,94,780
143,94,757
144,94,770
145,94,767
146,94,768
147,94,770
148,94,766
149,94,762
150,94,766
151,94,757
152,94,748
153,94,776
154,94,755
155,94,777
156,94,764
157,94,778
158,94,760
159,94,763
160,94,776
161,94,762
162,94,773
163,94,764
164,94,775
165,94,762
166,94,777
167,94,760
168,94,763
169,94,770
170,94,768
171,94,781
172,94,764
173,94,784
174,94,768
175,94,775
176,94,771
177,94,779
178,94,777
179,94,760
180,94,784
181,94,773
182,94,782
183,94,779
184,94,786
185,94,780
186,94,778
187,94,760
188,94,775
189,94,761
190,94,769
191,94,778
192,94,758
193,94,755
194,94,762
195,94,759
196,94,773
197,94,757
198,94,762
199,94,753
200,94,769
201,94,764
202,94,768
203,94,763
204,94,761
205,94,772
206,94,757
207,94,768
208,94,765
209,94,770
210,94,767
211,94,762
212,94,769
213,94,772
214,94,771
215,94,771
216,94,762
217,94,766
218,94,778
219,94,759
220,94,772
221,94,761
222,94,774
223,94,758
224,94,763
225,94,764
226,94,762
227,94,777
228,94,763
229,94,771
230,94,773
231,94,764
232,94,767
233,94,765
234,94,772
235,94,776
236,94,774
237,94,771
238,94,769
239,94,775
240,94,768
241,94,774
242,94,776
243,94,784
244,94,777
245,94,771
246,94,768
247,94,771
248,94,764
249,94,742
250,94,776
251,94,756
252,94,767
253,94,759
254,94,750
255,94,767
256,94,751
257,94,768
258,94,764
259,94,764
260,94,773
138,95,766
139,95,770
140,95,771
141,95,765
142,95,780
143,95,776
144,95,768
145,95,772
146,95,756
147,95,775
148,95,760
149,95,774
150,95,760
151,95,774
152,95,767
153,95,764
154,95,773
155,95,759
156,95,769
157,95,751
158,95,769
159,95,763
160,95,767
161,95,773
162,95,763
163,95,765
164,95,764
165,95,757
166,95,772
167,95,765
168,95,759
169,95,772
170,95,759
171,95,780
172,95,750
173,95,770
174,95,775
175,95,757
176,95,786
177,95,759
178,95,792
179,95,784
180,95,793
181,95,781
182,95,790
183,95,803
184,95,792
185,95,813
186,95,780
187,95,786
188,95,773
189,95,768
190,95,774
191,95,772
192,95,779
193,95,762
194,95,779
195,95,762
196,95,768
197,95,776
198,95,775
199,95,766
200,95,763
201,95,767
202,95,763
203,95,778
204,95,763
205,95,781
206,95,756
207,95,777
208,95,764
209,95,750
210,95,776
211,95,749
212,95,777
213,95,765
214,95,754
215,95,776
216,95,752
217,95,777
218,95,743
219,95,763
220,95,771
221,95,769
222,95,785
223,95,766
224,95,773
225,95,769
226,95,764
227,95,765
228,95,751
229,95,770
230,95,761
231,95,767
232,95,767
233,95,766
234,95,767
235,95,773
236,95,758
237,95,767
238,95,762
239,95,762
240,95,777
241,95,766
242,95,776
243,95,756
244,95,774
245,95,776
246,95,770
247,95,787
248,95,756
249,95,777
250,95,761
251,95,763
252,95,772
253,95,758
254,95,771
255,95,756
256,95,756
257,95,775
258,95,766
259,95,767
260,95,761
261,95,763
262,95,763
136,96,749
137,96,769
138,96,759
139,96,772
140,96,762
141,96,756
142,96,774
143,96,758
144,96,776
145,96,754
146,96,761
147,96,764
148,96,758
149,96,764
150,96,760
151,96,759
152,96,762
153,96,756
154,96,770
155,96,765
156,96,764
157,96,765
158,96,769
159,96,772
160,96,762
161,96,782
162,96,755
163,96,769
164,96,767
165,96,769
166,96,765
167,96,757
168,96,778
169,96,761
170,96,774
171,96,760
172,96,763
173,96,773
174,96,768
175,96,769
176,96,763
177,96,781
178,96,789
179,96,781
180,96,787
181,96,809
182,96,799
183,96,799
184,96,789
185,96,805
186,96,778
187,96,788
188,96,778
189,96,769
190,96,783
191,96,746
192,96,769
193,96,760
194,96,768
195,96,761
196,96,757
197,96,784
198,96,756
199,96,764
200,96,763
201,96,765
202,96,758
203,96,755
204,96,767
205,96,757
206,96,765
207,96,762
208,96,760
209,96,757
210,96,752
211,96,757
212,96,757
213,96,761
214,96,761
215,96,768
216,96,760
217,96,766
218,96,762
219,96,770
220,96,760
221,96,765
222,96,769
223,96,756
224,96,771
225,96,754
226,96,750
227,96,770
228,96,748
229,96,763
230,96,746
231,96,767
232,96,765
233,96,752
234,96,773
235,96,751
236,96,767
237,96,748
238,96,753
239,96,757
240,96,752
241,96,760
242,96,752
243,96,762
244,96,754
245,96,760
246,96,758
247,96,772
248,96,757
249,96,760
250,96,767
251,96,749
252,96,766
253,96,759
254,96,760
255,96,754
256,96,761
257,96,761
258,96,754
259,96,773
260,96,754
261,96,775
262,96,764
263,96,760
135,97,772
136,97,763
137,97,758
138,97,757
139,97,766
140,97,753
141,97,763
142,97,766
143,97,763
144,97,772
145,97,753
146,97,780
147,97,760
148,97,770
149,97,765
150,97,755
151,97,766
152,97,746
153,97,776
154,97,747
155,97,762
156,97,761
157,97,757
158,97,764
159,97,762
160,97,772
161,97,767
162,97,753
163,97,757
164,97,766
165,97,761
166,97,755
167,97,752
168,97,772
169,97,771
170,97,759
171,97,764
172,97,764
173,97,771
174,97,757
175,97,785
176,97,752
177,97,787
178,97,768
179,97,788
180,97,787
181,97,776
182,97,803
183,97,781
184,97,831
185,97,789
186,97,785
187,97,795
188,97,778
189,97,792
190,97,750
191,97,781
192,97,757
193,97,761
194,97,780
195,97,755
196,97,767
197,97,760
198,97,753
199,97,759
200,97,759
201,97,775
202,97,770
203,97,761
204,97,767
205,97,761
206,97,760
207,97,763
208,97,744
209,97,773
210,97,764
211,97,770
212,97,771
213,97,745
214,97,779
215,97,744
216,97,782
217,97,764
218,97,774
219,97,772
220,97,755
221,97,773
222,97,751
223,97,758
224,97,757
225,97,760
226,97,774
227,97,768
228,97,768
229,97,762
230,97,759
231,97,755
232,97,764
233,97,761
234,97,768
235,97,771
236,97,751
237,97,772
238,97,745
239,97,758
240,97,774
241,97,768
242,97,764
243,97,763
244,97,770
245,97,759
246,97,780
247,97,767
248,97,775
249,97,766
250,97,764
251,97,774
252,97,764
253,97,773
254,97,769
255,97,761
256,97,777
257,97,761
258,97,774
259,97,753
260,97,762
261,97,757
262,97,755
263,97,765
264,97,763
265,97,760
134,98,758
135,98,763
136,98,760
137,98,761
138,98,755
139,98,772
140,98,745
141,98,781
142,98,765
143,98,782
144,98,775
145,98,769
146,98,772
147,98,748
148,98,775
149,98,753
150,98,764
151,98,749
152,98,753
153,98,765
154,98,760
155,98,771
156,98,755
157,98,773
158,98,758
159,98,761
160,98,763
161,98,765
162,98,757
163,98,763
164,98,768
165,98,758
166,98,766
167,98,760
168,98,768
169,98,761
170,98,769
171,98,753
172,98,780
173,98,759
174,98,765
175,98,763
176,98,771
177,98,776
178,98,770
179,98,787
180,98,773
181,98,782
182,98,794
183,98,781
184,98,796
185,98,811
186,98,811
187,98,786
188,98,793
189,98,789
190,98,770
191,98,767
192,98,760
193,98,766
194,98,760
195,98,758
196,98,765
197,98,759
198,98,768
199,98,767
200,98,762
201,98,776
202,98,765
203,98,778
204,98,760
205,98,756
206,98,765
207,98,756
208,98,770
209,98,768
210,98,764
211,98,770
212,98,749
213,98,767
214,98,756
215,98,759
216,98,771
217,98,762
218,98,759
219,98,761
220,98,749
221,98,773
222,98,765
223,98,772
224,98,776
225,98,756
226,98,781
227,98,764
228,98,773
229,98,774
230,98,762
231,98,775
232,98,749
233,98,782
234,98,744
235,98,766
236,98,765
237,98,767
238,98,773
239,98,757
240,98,770
241,98,749
242,98,765
243,98,771
244,98,756
245,98,776
246,98,760
247,98,781
248,98,763
249,98,775
250,98,765
251,98,762
252,98,759
253,98,755
254,98,762
255,98,767
256,98,759
257,98,754
258,98,770
259,98,747
260,98,750
261,98,763
262,98,750
263,98,775
264,98,756
265,98,755
266,98,766
133,99,775
134,99,767
135,99,761
136,99,770
137,99,751
138,99,771
139,99,764
140,99,771
141,99,780
142,99,759
143,99,777
144,99,766
145,99,777
146,99,769
147,99,763
148,99,771
149,99,756
150,99,780
151,99,768
152,99,769
153,99,765
154,99,757
155,99,771
156,99,755
157,99,771
158,99,762
159,99,764
160,99,766
161,99,762
162,99,780
163,99,764
164,99,777
165,99,777
166,99,779
167,99,767
168,99,774
169,99,762
170,99,767
171,99,771
172,99,770
173,99,773
174,99,768
175,99,767
176,99,774
177,99,777
178,99,784
179,99,785
180,99,772
181,99,787
182,99,786
183,99,792
184,99,806
185,99,776
186,99,788
187,99,777
188,99,796
189,99,759
190,99,769
191,99,786
192,99,750
193,99,769
194,99,755
195,99,765
196,99,765
197,99,754
198,99,775
199,99,753
200,99,775
201,99,770
202,99,763
203,99,767
204,99,764
205,99,764
206,99,758
207,99,769
208,99,774
209,99,765
210,99,759
211,99,775
212,99,762
213,99,771
214,99,760
215,99,770
216,99,769
217,99,756
218,99,772
219,99,763
220,99,765
221,99,766
222,99,762
223,99,765
224,99,767
225,99,771
226,99,765
227,99,769
228,99,766
229,99,770
230,99,776
231,99,767
232,99,772
233,99,776
234,99,760
235,99,775
236,99,760
237,99,774
238,99,766
239,99,766
240,99,779
241,99,753
242,99,765
243,99,769
244,99,756
245,99,781
246,99,757
247,99,763
248,99,767
249,99,756
250,99,770
251,99,756
252,99,766
253,99,769
254,99,760
255,99,781
256,99,753
257,99,778
258,99,770
259,99,764
260,99,760
261,99,765
262,99,772
263,99,759
264,99,767
265,99,767
266,99,766
267,99,773
268,99,778
132,100,771
133,100,762
134,100,765
135,100,765
136,100,768
137,100,763
138,100,771
139,100,763
140,100,778
141,100,765
142,100,765
143,100,773
144,100,757
145,100,777
146,100,752
147,100,785
148,100,774
149,100,773
150,100,773
151,100,766
152,100,777
153,100,768
154,100,779
155,100,775
156,100,779
157,100,778
158,100,769
159,100,765
160,100,767
161,100,769
162,100,769
163,100,769
164,100,763
165,100,770
166,100,757
167,100,766
168,100,763
169,100,757
170,100,764
171,100,764
172,100,772
173,100,763
174,100,760
175,100,768
176,100,779
177,100,770
178,100,794
179,100,768
180,100,773
181,100,775
182,100,767
183,100,782
184,100,772
185,100,779
186,100,761
187,100,783
188,100,771
189,100,776
190,100,776
191,100,767
192,100,757
193,100,769
194,100,748
195,100,774
196,100,768
197,100,770
198,100,773
199,100,756
200,100,781
201,100,755
202,100,770
203,100,769
204,100,752
205,100,770
206,100,761
207,100,764
208,100,766
209,100,771
210,100,748
211,100,759
212,100,773
213,100,761
214,100,763
215,100,761
216,100,758
217,100,767
218,100,751
219,100,771
220,100,755
221,100,761
222,100,761
223,100,772
224,100,755
225,100,770
226,100,763
227,100,765
228,100,756
229,100,760
230,100,773
231,100,743
232,100,779
233,100,764
234,100,768
235,100,773
236,100,757
237,100,777
238,100,741
239,100,767
240,100,757
241,100,766
242,100,772
243,100,748
244,100,773
245,100,761
246,100,769
247,100,766
248,100,755
249,100,777
250,100,761
251,100,767
252,100,764
253,100,758
254,100,762
255,100,760
256,100,766
257,100,766
258,100,759
259,100,758
260,100,765
261,100,755
262,100,770
263,100,759
264,100,763
265,100,767
266,100,752
267,100,773
268,100,757
269,100,766
131,101,764
132,101,771
133,101,774
134,101,762
135,101,774
136,101,759
137,101,772
138,101,773
139,101,770
140,101,771
141,101,756
142,101,758
143,101,763
144,101,756
145,101,761
146,101,748
147,101,761
148,101,764
149,101,769
150,101,771
151,101,754
152,101,767
153,101,766
154,101,768
155,101,763
156,101,770
157,101,776
158,101,772
159,101,769
160,101,760
161,101,770
162,101,760
163,101,778
164,101,757
165,101,777
166,101,763
167,101,763
168,101,760
169,101,753
170,101,773
171,101,755
172,101,773
173,101,760
174,101,773
175,101,772
176,101,762
177,101,774
178,101,774
179,101,775
180,101,777
181,101,772
182,101,770
183,101,792
184,101,775
185,101,795
186,101,768
187,101,767
188,101,780
189,101,769
190,101,784
191,101,764
192,101,771
193,101,775
194,101,767
195,101,784
196,101,757
197,101,778
198,101,773
199,101,778
200,101,774
201,101,767
202,101,780
203,101,782
204,101,770
205,101,771
206,101,756
207,101,772
208,101,758
209,101,773
210,101,769
211,101,769
212,101,775
213,101,761
214,101,766
215,101,764
216,101,767
217,101,776
218,101,771
219,101,775
220,101,763
221,101,775
222,101,772
223,101,764
224,101,770
225,101,755
226,101,770
227,101,773
228,101,770
229,101,778
230,101,767
231,101,761
232,101,760
233,101,751
234,101,767
235,101,763
236,101,767
237,101,774
238,101,765
239,101,772
240,101,774
241,101,778
242,101,780
243,101,768
244,101,785
245,101,769
246,101,763
247,101,766
248,101,769
249,101,779
250,101,754
251,101,780
252,101,766
253,101,760
254,101,780
255,101,763
256,101,781
257,101,768
258,101,772
259,101,773
260,101,764
261,101,766
262,101,764
263,101,768
264,101,770
265,101,770
266,101,764
267,101,764
268,101,764
269,101,770
270,101,757
271,101,761
130,102,780
131,102,752
132,102,767
133,102,754
134,102,756
135,102,761
136,102,774
137,102,769
138,102,762
139,102,777
140,102,771
141,102,763
142,102,768
143,102,766
144,102,765
145,102,760
146,102,779
147,102,773
148,102,777
149,102,766
150,102,771
151,102,770
152,102,765
153,102,767
154,102,755
155,102,767
156,102,765
157,102,767
158,102,769
159,102,766
160,102,761
161,102,762
162,102,753
163,102,769
164,102,754
165,102,762
166,102,761
167,102,769
168,102,771
169,102,766
170,102,787
171,102,759
172,102,774
173,102,757
174,102,764
175,102,771
176,102,758
177,102,785
178,102,752
179,102,774
180,102,767
181,102,764
182,102,782
183,102,763
184,102,785
185,102,765
186,102,775
187,102,771
188,102,770
189,102,761
190,102,773
191,102,760
192,102,769
193,102,757
194,102,768
195,102,770
196,102,758
197,102,776
198,102,758
199,102,768
200,102,756
201,102,758
202,102,772
203,102,748
204,102,774
205,102,759
206,102,766
207,102,772
208,102,770
209,102,772
210,102,760
211,102,774
212,102,761
213,102,767
214,102,762
215,102,762
216,102,779
217,102,754
218,102,772
219,102,758
220,102,761
221,102,762
222,102,764
223,102,768
224,102,760
225,102,767
226,102,766
227,102,758
228,102,760
229,102,760
230,102,766
231,102,766
232,102,764
233,102,761
234,102,766
235,102,755
236,102,772
237,102,756
238,102,767
239,102,765
240,102,747
241,102,787
242,102,748
243,102,777
244,102,768
245,102,751
246,102,768
247,102,758
248,102,775
249,102,751
250,102,767
251,102,778
252,102,762
253,102,771
254,102,771
255,102,762
256,102,773
257,102,756
258,102,766
259,102,772
260,102,760
261,102,764
262,102,758
263,102,757
264,102,763
265,102,764
266,102,781
267,102,763
268,102,757
269,102,759
270,102,761
271,102,770
272,102,760
129,103,757
130,103,771
131,103,757
132,103,772
133,103,750
134,103,775
135,103,752
136,103,770
137,103,760
138,103,763
139,103,760
140,103,755
141,103,762
142,103,755
143,103,767
144,103,763
145,103,767
146,103,769
147,103,783
148,103,779
149,103,777
150,103,763
151,103,769
152,103,767
153,103,769
154,103,766
155,103,764
156,103,756
157,103,775
158,103,771
159,103,749
160,103,772
161,103,755
162,103,769
163,103,744
164,103,756
165,103,780
166,103,749
167,103,760
168,103,757
169,103,770
170,103,775
171,103,762
172,103,767
173,103,749
174,103,782
175,103,763
176,103,770
177,103,771
178,103,762
179,103,773
180,103,765
181,103,780
182,103,771
183,103,763
184,103,763
185,103,775
186,103,764
187,103,781
188,103,767
189,103,782
190,103,765
191,103,770
192,103,768
193,103,760
194,103,774
195,103,761
196,103,764
197,103,766
198,103,763
199,103,766
200,103,762
201,103,765
202,103,761
203,103,761
204,103,771
205,103,764
206,103,771
207,103,764
208,103,753
209,103,772
210,103,758
211,103,775
212,103,757
213,103,756
214,103,758
215,103,753
216,103,768
217,103,759
218,103,762
219,103,766
220,103,763
221,103,769
222,103,759
223,103,774
224,103,760
225,103,770
226,103,763
227,103,768
228,103,774
229,103,746
230,103,769
231,103,762
232,103,765
233,103,763
234,103,754
235,103,762
236,103,765
237,103,753
238,103,753
239,103,773
240,103,762
241,103,775
242,103,756
243,103,766
244,103,752
245,103,747
246,103,776
247,103,755
248,103,769
249,103,752
250,103,767
251,103,769
252,103,747
253,103,780
254,103,750
255,103,766
256,103,761
257,103,745
258,103,772
259,103,751
260,103,768
261,103,759
262,103,763
263,103,761
264,103,755
265,103,762
266,103,748
267,103,765
268,103,756
269,103,760
270,103,747
271,103,771
272,103,761
273,103,761
274,103,766
128,104,769
129,104,763
130,104,772
131,104,773
132,104,766
133,104,765
134,104,775
135,104,762
136,104,768
137,104,767
138,104,765
139,104,765
140,104,763
141,104,782
142,104,749
143,104,767
144,104,762
145,104,793
146,104,778
147,104,785
148,104,773
149,104,768
150,104,788
151,104,770
152,104,769
153,104,759
154,104,780
155,104,764
156,104,772
157,104,775
158,104,767
159,104,779
160,104,777
161,104,771
162,104,775
163,104,772
164,104,781
165,104,766
166,104,769
167,104,771
168,104,757
169,104,777
170,104,762
171,104,775
172,104,774
173,104,756
174,104,781
175,104,754
176,104,790
177,104,769
178,104,761
179,104,777
180,104,765
181,104,780
182,104,758
183,104,786
184,104,775
185,104,773
186,104,782
187,104,771
188,104,783
189,104,768
190,104,779
191,104,766
192,104,771
193,104,776
194,104,777
195,104,771
196,104,781
197,104,773
198,104,771
199,104,783
200,104,763
201,104,778
202,104,770
203,104,778
204,104,782
205,104,774
206,104,780
207,104,778
208,104,776
209,104,768
210,104,775
211,104,764
212,104,773
213,104,775
214,104,750
215,104,791
216,104,757
217,104,771
218,104,775
219,104,767
220,104,784
221,104,769
222,104,778
223,104,766
224,104,771
225,104,779
226,104,772
227,104,777
228,104,766
229,104,763
230,104,769
231,104,766
232,104,762
233,104,778
234,104,767
235,104,779
236,104,767
237,104,766
238,104,776
239,104,763
240,104,779
241,104,774
242,104,759
243,104,771
244,104,762
245,104,773
246,104,766
247,104,775
248,104,771
249,104,768
250,104,774
251,104,761
252,104,781
253,104,777
254,104,776
255,104,776
256,104,772
257,104,771
258,104,766
259,104,776
260,104,766
261,104,769
262,104,762
263,104,781
264,104,762
265,104,768
266,104,768
267,104,772
268,104,770
269,104,773
270,104,777
271,104,768
272,104,774
273,104,771
274,104,766
275,104,770
127,105,771
128,105,754
129,105,768
130,105,760
131,105,776
132,105,757
133,105,773
134,105,756
135,105,769
136,105,772
137,105,758
138,105,775
139,105,763
140,105,775
141,105,757
142,105,781
143,105,748
144,105,782
145,105,766
146,105,787
147,105,774
148,105,762
149,105,783
150,105,760
151,105,768
152,105,767
153,105,775
154,105,752
155,105,770
156,105,747
157,105,767
158,105,751
159,105,769
160,105,770
161,105,760
162,105,769
163,105,752
164,105,769
165,105,749
166,105,772
167,105,755
168,105,762
169,105,775
170,105,750
171,105,771
172,105,763
173,105,773
174,105,765
175,105,771
176,105,775
177,105,761
178,105,783
179,105,776
180,105,764
181,105,762
182,105,763
183,105,770
184,105,759
185,105,768
186,105,778
187,105,760
188,105,755
189,105,762
190,105,772
191,105,767
192,105,762
193,105,774
194,105,760
195,105,781
196,105,757
197,105,759
198,105,774
199,105,763
200,105,773
201,105,764
202,105,761
203,105,760
204,105,751
205,105,759
206,105,767
207,105,780
208,105,758
209,105,776
210,105,761
211,105,767
212,105,780
213,105,767
214,105,770
215,105,773
216,105,767
217,105,775
218,105,777
219,105,763
220,105,784
221,105,761
222,105,771
223,105,768
224,105,767
225,105,781
226,105,758
227,105,778
228,105,763
229,105,770
230,105,772
231,105,761
232,105,786
233,105,762
234,105,770
235,105,756
236,105,763
237,105,765
238,105,764
239,105,766
240,105,764
241,105,766
242,105,757
243,105,763
244,105,766
245,105,767
246,105,767
247,105,767
248,105,775
249,105,765
250,105,789
251,105,765
252,105,766
253,105,760
254,105,767
255,105,787
256,105,757
257,105,778
258,105,765
259,105,761
260,105,766
261,105,760
262,105,775
263,105,755
264,105,773
265,105,758
266,105,762
267,105,771
268,105,769
269,105,775
270,105,774
271,105,767
272,105,765
273,105,777
274,105,770
275,105,755
276,105,772
277,105,755
125,106,774
126,106,770
127,106,763
128,106,786
129,106,771
130,106,777
131,106,766
132,106,779
133,106,766
134,106,774
135,106,767
136,106,771
137,106,776
138,106,773
139,106,763
140,106,767
141,106,760
142,106,778
143,106,769
144,106,765
145,106,767
146,106,757
147,106,775
148,106,764
149,106,780
150,106,755
151,106,776
152,106,770
153,106,766
154,106,766
155,106,763
156,106,772
157,106,746
158,106,767
159,106,763
160,106,760
161,106,766
162,106,761
163,106,759
164,106,756
165,106,760
166,106,765
167,106,759
168,106,764
169,106,769
170,106,761
171,106,779
172,106,753
173,106,760
174,106,762
175,106,764
176,106,788
177,106,756
178,106,777
179,106,755
180,106,772
181,106,761
182,106,766
183,106,773
184,106,758
185,106,772
186,106,761
187,106,778
188,106,759
189,106,778
190,106,769
191,106,763
192,106,783
193,106,753
194,106,768
195,106,759
196,106,770
197,106,769
198,106,768
199,106,770
200,106,767
201,106,774
202,106,763
203,106,761
204,106,755
205,106,777
206,106,762
207,106,773
208,106,765
209,106,764
210,106,773
211,106,753
212,106,773
213,106,751
214,106,760
215,106,765
216,106,743
217,106,773
218,106,734
219,106,771
220,106,748
221,106,759
222,106,764
223,106,742
224,106,769
225,106,757
226,106,776
227,106,768
228,106,751
229,106,764
230,106,767
231,106,750
232,106,760
233,106,764
234,106,759
235,106,773
236,106,771
237,106,779
238,106,772
239,106,763
240,106,770
241,106,760
242,106,776
243,106,764
244,106,774
245,106,759
246,106,771
247,106,775
248,106,761
249,106,778
250,106,759
251,106,777
252,106,769
253,106,767
254,106,774
255,106,757
256,106,776
257,106,767
258,106,766
259,106,758
260,106,768
261,106,769
262,106,764
263,106,765
264,106,765
265,106,753
266,106,754
267,106,772
268,106,762
269,106,769
270,106,764
271,106,764
272,106,771
273,106,752
274,106,773
275,106,758
276,106,771
277,106,766
278,106,767
124,107,764
125,107,758
126,107,769
127,107,759
128,107,776
129,107,757
130,107,772
131,107,765
132,107,774
133,107,769
134,107,758
135,107,784
136,107,752
137,107,776
138,107,751
139,107,784
140,107,758
141,107,779
142,107,774
143,107,775
144,107,768
145,107,766
146,107,768
147,107,753
148,107,779
149,107,767
150,107,769
151,107,765
152,107,768
153,107,771
154,107,784
155,107,772
156,107,775
157,107,771
158,107,763
159,107,777
160,107,764
161,107,772
162,107,758
163,107,773
164,107,762
165,107,766
166,107,763
167,107,763
168,107,775
169,107,754
170,107,773
171,107,762
172,107,788
173,107,763
174,107,759
175,107,767
176,107,765
177,107,775
178,107,771
179,107,774
180,107,758
181,107,760
182,107,760
183,107,759
184,107,761
185,107,771
186,107,762
187,107,753
188,107,761
189,107,765
190,107,763
191,107,744
192,107,776
193,107,741
194,107,760
195,107,776
196,107,753
197,107,761
198,107,751
199,107,768
200,107,753
201,107,769
202,107,768
203,107,761
204,107,776
205,107,760
206,107,771
207,107,748
208,107,776
209,107,771
210,107,761
211,107,774
212,107,757
213,107,764
214,107,768
215,107,771
216,107,768
217,107,770
218,107,753
219,107,751
220,107,764
221,107,764
222,107,762
223,107,757
224,107,771
225,107,752
226,107,758
227,107,752
228,107,743
229,107,776
230,107,754
231,107,774
232,107,756
233,107,761
234,107,771
235,107,753
236,107,776
237,107,755
238,107,770
239,107,763
240,107,764
241,107,771
242,107,758
243,107,778
244,107,764
245,107,759
246,107,755
247,107,771
248,107,770
249,107,769
250,107,763
251,107,761
252,107,779
253,107,763
254,107,773
255,107,762
256,107,754
257,107,768
258,107,756
259,107,767
260,107,752
261,107,774
262,107,762
263,107,762
264,107,767
265,107,756
266,107,775
267,107,756
268,107,770
269,107,773
270,107,766
271,107,769
272,107,756
273,107,777
274,107,767
275,107,761
276,107,765
277,107,759
278,107,773
279,107,757
280,107,757
123,108,767
124,108,762
125,108,778
126,108,767
127,108,767
128,108,758
129,108,773
130,108,765
131,108,752
132,108,771
133,108,764
134,108,768
135,108,762
136,108,768
137,108,762
138,108,759
139,108,763
140,108,758
141,108,766
142,108,778
143,108,763
144,108,774
145,108,760
146,108,781
147,108,762
148,108,772
149,108,769
150,108,760
151,108,774
152,108,757
153,108,773
154,108,757
155,108,780
156,108,757
157,108,761
158,108,767
159,108,759
160,108,772
161,108,763
162,108,771
163,108,765
164,108,774
165,108,761
166,108,775
167,108,760
168,108,777
169,108,766
170,108,762
171,108,771
172,108,770
173,108,770
174,108,761
175,108,769
176,108,763
177,108,778
178,108,761
179,108,763
180,108,769
181,108,764
182,108,775
183,108,749
184,108,773
185,108,762
186,108,768
187,108,776
188,108,755
189,108,773
190,108,749
191,108,773
192,108,766
193,108,765
194,108,765
195,108,769
196,108,762
197,108,762
198,108,760
199,108,759
200,108,765
201,108,771
202,108,764
203,108,767
204,108,769
205,108,756
206,108,767
207,108,774
208,108,758
209,108,776
210,108,754
211,108,777
212,108,766
213,108,762
214,108,787
215,108,748
216,108,779
217,108,762
218,108,763
219,108,766
220,108,764
221,108,781
222,108,759
223,108,768
224,108,762
225,108,765
226,108,769
227,108,763
228,108,769
229,108,759
230,108,776
231,108,765
232,108,763
233,108,768
234,108,766
235,108,760
236,108,763
237,108,766
238,108,766
239,108,765
240,108,758
241,108,768
242,108,755
243,108,762
244,108,764
245,108,751
246,108,770
247,108,753
248,108,787
249,108,762
250,108,760
251,108,776
252,108,765
253,108,783
254,108,769
255,108,778
256,108,767
257,108,767
258,108,776
259,108,762
260,108,756
261,108,769
262,108,763
263,108,755
264,108,765
265,108,758
266,108,761
267,108,754
268,108,759
269,108,769
270,108,745
271,108,775
272,108,762
273,108,772
274,108,765
275,108,762
276,108,775
277,108,756
278,108,779
279,108,753
280,108,771
281,108,770
282,108,762
122,109,762
123,109,762
124,109,774
125,109,767
126,109,758
127,109,758
128,109,755
129,109,758
130,109,766
131,109,751
132,109,769
133,109,758
134,109,774
135,109,763
136,109,769
137,109,768
138,109,762
139,109,775
140,109,755
141,109,767
142,109,753
143,109,765
144,109,765
145,109,763
146,109,770
147,109,761
148,109,771
149,109,763
150,109,762
151,109,778
152,109,760
153,109,763
154,109,764
155,109,766
156,109,763
157,109,763
158,109,771
159,109,761
160,109,782
161,109,759
162,109,769
163,109,762
164,109,760
165,109,768
166,109,771
167,109,767
168,109,761
169,109,767
170,109,765
171,109,778
172,109,766
173,109,755
174,109,776
175,109,753
176,109,773
177,109,764
178,109,757
179,109,774
180,109,759
181,109,776
182,109,763
183,109,763
184,109,774
185,109,766
186,109,765
187,109,772
188,109,762
189,109,781
190,109,763
191,109,773
192,109,775
193,109,769
194,109,774
195,109,761
196,109,772
197,109,765
198,109,771
199,109,774
200,109,760
201,109,774
202,109,760
203,109,774
204,109,768
205,109,766
206,109,770
207,109,753
208,109,781
209,109,763
210,109,771
211,109,766
212,109,772
213,109,775
214,109,771
215,109,773
216,109,752
217,109,771
218,109,758
219,109,779
220,109,769
221,109,767
222,109,761
223,109,772
224,109,770
225,109,762
226,109,771
227,109,753
228,109,774
229,109,756
230,109,773
231,109,774
232,109,759
233,109,780
234,109,755
235,109,770
236,109,767
237,109,773
238,109,770
239,109,751
240,109,777
241,109,753
242,109,767
243,109,776
244,109,754
245,109,760
246,109,766
247,109,775
248,109,760
249,109,767
250,109,769
251,109,776
252,109,776
253,109,769
254,109,765
255,109,762
256,109,776
257,109,763
258,109,773
259,109,761
260,109,767
261,109,774
262,109,768
263,109,776
264,109,759
265,109,766
266,109,765
267,109,763
268,109,771
269,109,761
270,109,779
271,109,763
272,109,777
273,109,764
274,109,767
275,109,774
276,109,763
277,109,775
278,109,765
279,109,769
280,109,773
281,109,767
282,109,758
283,109,759
121,110,749
122,110,777
123,110,760
124,110,766
125,110,776
126,110,766
127,110,771
128,110,758
129,110,783
130,110,761
131,110,770
132,110,761
133,110,776
134,110,765
135,110,773
136,110,771
137,110,763
138,110,779
139,110,772
140,110,775
141,110,773
142,110,764
143,110,776
144,110,776
145,110,766
146,110,788
147,110,753
148,110,782
149,110,757
150,110,768
151,110,758
152,110,761
153,110,768
154,110,768
155,110,772
156,110,764
157,110,784
158,110,759
159,110,790
160,110,756
161,110,771
162,110,775
163,110,761
164,110,783
165,110,754
166,110,773
167,110,763
168,110,774
169,110,760
170,110,765
171,110,766
172,110,770
173,110,784
174,110,771
175,110,771
176,110,765
177,110,754
178,110,769
179,110,781
180,110,763
181,110,773
182,110,759
183,110,774
184,110,776
185,110,758
186,110,775
187,110,752
188,110,762
189,110,758
190,110,764
191,110,782
192,110,748
193,110,779
194,110,755
195,110,771
196,110,772
197,110,761
198,110,771
199,110,769
200,110,773
201,110,770
202,110,761
203,110,774
204,110,773
205,110,764
206,110,769
207,110,765
208,110,770
209,110,772
210,110,767
211,110,770
212,110,765
213,110,773
214,110,763
215,110,764
216,110,764
217,110,776
218,110,770
219,110,766
220,110,776
221,110,768
222,110,771
223,110,763
224,110,770
225,110,778
226,110,757
227,110,765
228,110,762
229,110,765
230,110,784
231,110,767
232,110,776
233,110,762
234,110,767
235,110,765
236,110,760
237,110,770
238,110,761
239,110,760
240,110,783
241,110,761
242,110,772
243,110,782
244,110,762
245,110,791
246,110,757
247,110,771
248,110,772
249,110,763
250,110,774
251,110,755
252,110,772
253,110,776
254,110,777
255,110,762
256,110,767
257,110,763
258,110,766
259,110,763
260,110,773
261,110,770
262,110,763
263,110,783
264,110,771
265,110,776
266,110,769
267,110,768
268,110,781
269,110,770
270,110,783
271,110,769
272,110,760
273,110,777
274,110,758
275,110,761
276,110,765
277,110,766
278,110,766
279,110,764
280,110,773
281,110,756
282,110,780
283,110,759
284,110,779
285,110,770
120,111,771
121,111,766
122,111,780
123,111,759
124,111,772
125,111,771
126,111,759
127,111,778
128,111,768
129,111,765
130,111,758
131,111,769
132,111,765
133,111,774
134,111,770
135,111,769
136,111,776
137,111,752
138,111,773
139,111,760
140,111,772
141,111,753
142,111,760
143,111,760
144,111,762
145,111,762
146,111,767
147,111,771
148,111,767
149,111,772
150,111,761
151,111,771
152,111,764
153,111,769
154,111,768
155,111,760
156,111,769
157,111,761
158,111,764
159,111,777
160,111,763
161,111,772
162,111,772
163,111,764
164,111,764
165,111,760
166,111,769
167,111,755
168,111,769
169,111,772
170,111,760
171,111,775
172,111,754
173,111,774
174,111,764
175,111,774
176,111,786
177,111,753
178,111,782
179,111,761
180,111,769
181,111,766
182,111,766
183,111,764
184,111,760
185,111,763
186,111,769
187,111,765
188,111,769
189,111,759
190,111,753
191,111,775
192,111,771
193,111,779
194,111,777
195,111,776
196,111,771
197,111,764
198,111,785
199,111,769
200,111,782
201,111,771
202,111,769
203,111,774
204,111,759
205,111,782
206,111,770
207,111,777
208,111,771
209,111,774
210,111,776
211,111,771
212,111,783
213,111,761
214,111,777
215,111,771
216,111,761
217,111,772
218,111,764
219,111,774
220,111,761
221,111,769
222,111,774
223,111,775
224,111,760
225,111,774
226,111,772
227,111,764
228,111,776
229,111,782
230,111,772
231,111,765
232,111,764
233,111,765
234,111,763
235,111,771
236,111,765
237,111,781
238,111,760
239,111,773
240,111,767
241,111,756
242,111,778
243,111,746
244,111,776
245,111,771
246,111,760
247,111,775
248,111,756
249,111,762
250,111,765
251,111,763
252,111,770
253,111,761
254,111,772
255,111,763
256,111,757
257,111,769
258,111,756
259,111,759
260,111,766
261,111,753
262,111,770
263,111,763
264,111,768
265,111,769
266,111,774
267,111,770
268,111,767
269,111,759
270,111,762
271,111,767
272,111,766
273,111,770
274,111,778
275,111,770
276,111,763
277,111,781
278,111,774
279,111,769
280,111,774
281,111,770
282,111,774
283,111,765
284,111,777
285,111,767
286,111,765
119,112,763
120,112,773
121,112,766
122,112,770
123,112,761
124,112,775
125,112,761
126,112,769
127,112,750
128,112,765
129,112,753
130,112,765
131,112,759
132,112,757
133,112,765
134,112,761
135,112,770
136,112,770
137,112,764
138,112,759
139,112,767
140,112,769
141,112,771
142,112,765
143,112,773
144,112,765
145,112,768
146,112,764
147,112,763
148,112,768
149,112,755
150,112,767
151,112,750
152,112,770
153,112,758
154,112,770
155,112,772
156,112,768
157,112,759
158,112,771
159,112,761
160,112,767
161,112,775
162,112,757
163,112,775
164,112,753
165,112,768
166,112,768
167,112,759
168,112,772
169,112,749
170,112,770
171,112,759
172,112,768
173,112,775
174,112,758
175,112,772
176,112,767
177,112,761
178,112,778
179,112,768
180,112,770
181,112,761
182,112,769
183,112,780
184,112,763
185,112,772
186,112,762
187,112,763
188,112,769
189,112,759
190,112,767
191,112,762
192,112,771
193,112,769
194,112,771
195,112,783
196,112,766
197,112,774
198,112,758
199,112,764
200,112,759
201,112,771
202,112,763
203,112,766
204,112,766
205,112,761
206,112,775
207,112,765
208,112,762
209,112,772
210,112,763
211,112,761
212,112,761
213,112,754
214,112,769
215,112,757
216,112,760
217,112,763
218,112,751
219,112,767
220,112,760
221,112,769
222,112,771
223,112,759
224,112,772
225,112,767
226,112,772
227,112,776
228,112,762
229,112,773
230,112,753
231,112,770
232,112,759
233,112,757
234,112,771
235,112,771
236,112,768
237,112,764
238,112,761
239,112,762
240,112,761
241,112,760
242,112,767
243,112,754
244,112,759
245,112,765
246,112,760
247,112,768
248,112,756
249,112,770
250,112,758
251,112,767
252,112,768
253,112,755
254,112,774
255,112,763
256,112,766
257,112,771
258,112,760
259,112,758
260,112,763
261,112,760
262,112,767
263,112,768
264,112,769
265,112,763
266,112,764
267,112,750
268,112,763
269,112,752
270,112,769
271,112,775
272,112,762
273,112,766
274,112,765
275,112,754
276,112,772
277,112,774
278,112,763
279,112,760
280,112,761
281,112,765
282,112,766
283,112,763
284,112,773
285,112,755
286,112,776
287,112,754
288,112,761
118,113,768
119,113,769
120,113,763
121,113,777
122,113,772
123,113,761
124,113,773
125,113,775
126,113,777
127,113,782
128,113,777
129,113,772
130,113,771
131,113,767
132,113,766
133,113,781
134,113,775
135,113,771
136,113,777
137,113,769
138,113,773
139,113,763
140,113,761
141,113,779
142,113,765
143,113,768
144,113,769
145,113,756
146,113,783
147,113,763
148,113,774
149,113,773
150,113,774
151,113,771
152,113,769
153,113,773
154,113,760
155,113,773
156,113,768
157,113,776
158,113,781
159,113,768
160,113,762
161,113,774
162,113,769
163,113,768
164,113,767
165,113,770
166,113,774
167,113,756
168,113,777
169,113,762
170,113,778
171,113,763
172,113,768
173,113,776
174,113,750
175,113,772
176,113,761
177,113,771
178,113,768
179,113,761
180,113,768
181,113,759
182,113,774
183,113,759
184,113,769
185,113,768
186,113,768
187,113,779
188,113,772
189,113,770
190,113,779
191,113,777
192,113,762
193,113,775
194,113,759
195,113,769
196,113,765
197,113,766
198,113,758
199,113,755
200,113,777
201,113,769
202,113,778
203,113,759
204,113,769
205,113,766
206,113,765
207,113,773
208,113,762
209,113,775
210,113,753
211,113,760
212,113,764
213,113,757
214,113,766
215,113,764
216,113,766
217,113,757
218,113,762
219,113,761
220,113,767
221,113,777
222,113,756
223,113,773
224,113,762
225,113,764
226,113,769
227,113,756
228,113,768
229,113,765
230,113,777
231,113,767
232,113,755
233,113,753
234,113,774
235,113,750
236,113,761
237,113,766
238,113,772
239,113,762
240,113,768
241,113,768
242,113,769
243,113,770
244,113,775
245,113,755
246,113,778
247,113,759
248,113,764
249,113,772
250,113,758
251,113,778
252,113,767
253,113,758
254,113,772
255,113,763
256,113,765
257,113,778
258,113,775
259,113,777
260,113,764
261,113,768
262,113,775
263,113,774
264,113,777
265,113,780
266,113,766
267,113,766
268,113,762
269,113,769
270,113,769
271,113,765
272,113,770
273,113,776
274,113,764
275,113,770
276,113,769
277,113,762
278,113,768
279,113,765
280,113,777
281,113,754
282,113,766
283,113,765
284,113,768
285,113,762
286,113,770
287,113,761
288,113,761
289,113,762
117,114,767
118,114,771
119,114,775
120,114,769
121,114,772
122,114,754
123,114,769
124,114,772
125,114,757
126,114,775
127,114,769
128,114,773
129,114,759
130,114,778
131,114,769
132,114,763
133,114,769
134,114,775
135,114,774
136,114,777
137,114,775
138,114,771
139,114,770
140,114,759
141,114,775
142,114,761
143,114,782
144,114,770
145,114,775
146,114,770
147,114,768
148,114,770
149,114,763
150,114,769
151,114,763
152,114,775
153,114,765
154,114,770
155,114,764
156,114,768
157,114,775
158,114,760
159,114,772
160,114,768
161,114,779
162,114,763
163,114,770
164,114,762
165,114,790
166,114,759
167,114,777
168,114,774
169,114,771
170,114,785
171,114,769
172,114,780
173,114,771
174,114,768
175,114,772
176,114,772
177,114,768
178,114,769
179,114,773
180,114,776
181,114,765
182,114,776
183,114,764
184,114,773
185,114,774
186,114,764
187,114,774
188,114,760
189,114,772
190,114,784
191,114,762
192,114,770
193,114,767
194,114,773
195,114,773
196,114,766
197,114,759
198,114,771
199,114,760
200,114,769
201,114,764
202,114,767
203,114,767
204,114,762
205,114,764
206,114,774
207,114,765
208,114,761
209,114,767
210,114,772
211,114,765
212,114,770
213,114,758
214,114,777
215,114,762
216,114,778
217,114,764
218,114,766
219,114,776
220,114,764
221,114,777
222,114,758
223,114,773
224,114,770
225,114,760
226,114,782
227,114,762
228,114,770
229,114,772
230,114,776
231,114,783
232,114,757
233,114,775
234,114,758
235,114,765
236,114,769
237,114,766
238,114,771
239,114,759
240,114,761
241,114,767
242,114,774
243,114,765
244,114,776
245,114,767
246,114,764
247,114,766
248,114,762
249,114,774
250,114,755
251,114,773
252,114,771
253,114,769
254,114,781
255,114,759
256,114,773
257,114,764
258,114,771
259,114,766
260,114,755
261,114,771
262,114,755
263,114,769
264,114,763
265,114,769
266,114,775
267,114,766
268,114,778
269,114,755
270,114,779
271,114,773
272,114,773
273,114,762
274,114,767
275,114,774
276,114,767
277,114,771
278,114,764
279,114,775
280,114,771
281,114,770
282,114,770
283,114,761
284,114,767
285,114,768
286,114,763
287,114,763
288,114,768
289,114,764
290,114,774
291,114,771
116,115,767
117,115,760
118,115,780
119,115,760
120,115,772
121,115,778
122,115,765
123,115,770
124,115,754
125,115,768
126,115,758
127,115,767
128,115,767
129,115,760
130,115,770
131,115,756
132,115,761
133,115,772
134,115,770
135,115,768
136,115,767
137,115,766
138,115,772
139,115,759
140,115,766
141,115,782
142,115,759
143,115,775
144,115,765
145,115,770
146,115,775
147,115,761
148,115,772
149,115,755
150,115,778
151,115,758
152,115,767
153,115,764
154,115,776
155,115,772
156,115,763
157,115,786
158,115,762
159,115,774
160,115,766
161,115,779
162,115,782
163,115,765
164,115,765
165,115,766
166,115,771
167,115,776
168,115,761
169,115,761
170,115,768
171,115,757
172,115,773
173,115,760
174,115,766
175,115,776
176,115,764
177,115,783
178,115,763
179,115,772
180,115,760
181,115,765
182,115,771
183,115,759
184,115,785
185,115,764
186,115,769
187,115,759
188,115,775
189,115,779
190,115,765
191,115,781
192,115,759
193,115,781
194,115,762
195,115,781
196,115,769
197,115,776
198,115,763
199,115,768
200,115,765
201,115,764
202,115,771
203,115,766
204,115,771
205,115,762
206,115,780
207,115,775
208,115,765
209,115,779
210,115,763
211,115,775
212,115,760
213,115,770
214,115,758
215,115,767
216,115,775
217,115,765
218,115,778
219,115,753
220,115,776
221,115,770
222,115,762
223,115,773
224,115,750
225,115,772
226,115,764
227,115,762
228,115,761
229,115,764
230,115,759
231,115,771
232,115,757
233,115,769
234,115,762
235,115,760
236,115,773
237,115,766
238,115,765
239,115,764
240,115,768
241,115,777
242,115,771
243,115,773
244,115,761
245,115,768
246,115,773
247,115,762
248,115,780
249,115,775
250,115,776
251,115,777
252,115,765
253,115,770
254,115,777
255,115,765
256,115,766
257,115,777
258,115,771
259,115,769
260,115,773
261,115,767
262,115,770
263,115,764
264,115,776
265,115,768
266,115,773
267,115,774
268,115,772
269,115,771
270,115,777
271,115,771
272,115,771
273,115,772
274,115,759
275,115,776
276,115,760
277,115,781
278,115,762
279,115,757
280,115,773
281,115,754
282,115,784
283,115,768
284,115,762
285,115,783
286,115,759
287,115,776
288,115,770
289,115,767
290,115,784
291,115,765
292,115,770
115,116,771
116,116,757
117,116,770
118,116,778
119,116,769
120,116,770
121,116,772
122,116,760
123,116,781
124,116,762
125,116,778
126,116,770
127,116,778
128,116,778
129,116,770
130,116,784
131,116,768
132,116,772
133,116,770
134,116,777
135,116,765
136,116,771
137,116,771
138,116,778
139,116,767
140,116,770
141,116,773
142,116,765
143,116,778
144,116,758
145,116,780
146,116,765
147,116,786
148,116,764
149,116,781
150,116,779
151,116,770
152,116,786
153,116,769
154,116,773
155,116,765
156,116,772
157,116,781
158,116,765
159,116,761
160,116,771
161,116,769
162,116,777
163,116,755
164,116,764
165,116,775
166,116,778
167,116,777
168,116,757
169,116,787
170,116,769
171,116,775
172,116,785
173,116,769
174,116,779
175,116,767
176,116,772
177,116,770
178,116,762
179,116,778
180,116,771
181,116,770
182,116,781
183,116,767
184,116,771
185,116,766
186,116,769
187,116,765
188,116,766
189,116,769
190,116,769
191,116,763
192,116,760
193,116,772
194,116,761
195,116,779
196,116,768
197,116,763
198,116,780
199,116,758
200,116,780
201,116,774
202,116,765
203,116,780
204,116,763
205,116,770
206,116,759
207,116,768
208,116,762
209,116,759
210,116,760
211,116,758
212,116,778
213,116,767
214,116,772
215,116,773
216,116,784
217,116,769
218,116,782
219,116,766
220,116,768
221,116,778
222,116,763
223,116,778
224,116,757
225,116,783
226,116,777
227,116,765
228,116,792
229,116,760
230,116,782
231,116,760
232,116,764
233,116,776
234,116,754
235,116,777
236,116,754
237,116,771
238,116,756
239,116,765
240,116,776
241,116,757
242,116,766
243,116,762
244,116,773
245,116,764
246,116,769
247,116,769
248,116,773
249,116,764
250,116,760
251,116,775
252,116,758
253,116,780
254,116,767
255,116,782
256,116,766
257,116,761
258,116,786
259,116,761
260,116,789
261,116,766
262,116,785
263,116,785
264,116,761
265,116,780
266,116,766
267,116,776
268,116,769
269,116,773
270,116,775
271,116,770
272,116,780
273,116,760
274,116,781
275,116,766
276,116,763
277,116,771
278,116,764
279,116,781
280,116,757
281,116,769
282,116,765
283,116,768
284,116,768
285,116,780
286,116,771
287,116,759
288,116,763
289,116,755
290,116,774
291,116,757
292,116,771
293,116,767
294,116,764
114,117,756
115,117,774
116,117,758
117,117,768
118,117,766
119,117,758
120,117,778
121,117,765
122,117,770
123,117,761
124,117,776
125,117,767
126,117,770
127,117,770
128,117,765
129,117,773
130,117,763
131,117,772
132,117,772
133,117,772
134,117,775
135,117,776
136,117,773
137,117,769
138,117,770
139,117,777
140,117,762
141,117,782
142,117,769
143,117,777
144,117,760
145,117,769
146,117,764
147,117,777
148,117,756
149,117,759
150,117,773
151,117,750
152,117,775
153,117,743
154,117,782
155,117,755
156,117,760
157,117,765
158,117,755
159,117,777
160,117,766
161,117,773
162,117,758
163,117,766
164,117,760
165,117,760
166,117,768
167,117,773
168,117,766
169,117,765
170,117,767
171,117,779
172,117,763
173,117,762
174,117,779
175,117,758
176,117,773
177,117,763
178,117,762
179,117,773
180,117,756
181,117,776
182,117,752
183,117,773
184,117,770
185,117,751
186,117,770
187,117,758
188,117,783
189,117,751
190,117,764
191,117,765
192,117,763
193,117,774
194,117,778
195,117,775
196,117,764
197,117,763
198,117,771
199,117,769
200,117,765
201,117,764
202,117,762
203,117,770
204,117,755
205,117,758
206,117,763
207,117,766
208,117,764
209,117,758
210,117,769
211,117,770
212,117,768
213,117,755
214,117,755
215,117,783
216,117,758
217,117,765
218,117,771
219,117,762
220,117,783
221,117,762
222,117,777
223,117,761
224,117,768
225,117,777
226,117,769
227,117,771
228,117,766
229,117,770
230,117,779
231,117,770
232,117,771
233,117,771
234,117,763
235,117,780
236,117,762
237,117,770
238,117,770
239,117,757
240,117,781
241,117,758
242,117,763
243,117,765
244,117,755
245,117,775
246,117,759
247,117,772
248,117,761
249,117,772
250,117,760
251,117,768
252,117,762
253,117,769
254,117,773
255,117,766
256,117,775
257,117,779
258,117,764
259,117,772
260,117,765
261,117,772
262,117,764
263,117,779
264,117,770
265,117,765
266,117,761
267,117,773
268,117,763
269,117,767
270,117,766
271,117,761
272,117,777
273,117,759
274,117,770
275,117,765
276,117,763
277,117,787
278,117,756
279,117,773
280,117,767
281,117,764
282,117,783
283,117,759
284,117,767
285,117,765
286,117,781
287,117,775
288,117,765
289,117,776
290,117,766
291,117,764
292,117,765
293,117,774
294,117,762
295,117,763
114,118,763
115,118,780
116,118,765
117,118,779
118,118,763
119,118,775
120,118,757
121,118,770
122,118,762
123,118,766
124,118,765
125,118,776
126,118,766
127,118,773
128,118,762
129,118,763
130,118,754
131,118,766
132,118,759
133,118,777
134,118,751
135,118,763
136,118,762
137,118,773
138,118,762
139,118,754
140,118,781
141,118,747
142,118,776
143,118,759
144,118,775
145,118,777
146,118,774
147,118,789
148,118,763
149,118,777
150,118,760
151,118,773
152,118,771
153,118,768
154,118,777
155,118,759
156,118,777
157,118,767
158,118,770
159,118,766
160,118,767
161,118,764
162,118,766
163,118,762
164,118,773
165,118,772
166,118,771
167,118,760
168,118,775
169,118,763
170,118,765
171,118,779
172,118,759
173,118,771
174,118,763
175,118,775
176,118,772
177,118,763
178,118,770
179,118,772
180,118,771
181,118,772
182,118,769
183,118,772
184,118,773
185,118,758
186,118,769
187,118,765
188,118,772
189,118,756
190,118,774
191,118,769
192,118,767
193,118,775
194,118,757
195,118,782
196,118,760
197,118,768
198,118,770
199,118,765
200,118,779
201,118,750
202,118,771
203,118,756
204,118,765
205,118,769
206,118,764
207,118,781
208,118,761
209,118,771
210,118,759
211,118,760
212,118,769
213,118,761
214,118,761
215,118,757
216,118,764
217,118,772
218,118,767
219,118,761
220,118,769
221,118,749
222,118,766
223,118,762
224,118,766
225,118,769
226,118,746
227,118,795
228,118,757
229,118,769
230,118,766
231,118,770
232,118,787
233,118,747
234,118,773
235,118,756
236,118,764
237,118,771
238,118,760
239,118,786
240,118,766
241,118,774
242,118,769
243,118,775
244,118,770
245,118,764
246,118,774
247,118,759
248,118,774
249,118,778
250,118,769
251,118,759
252,118,764
253,118,766
254,118,765
255,118,761
256,118,772
257,118,763
258,118,771
259,118,781
260,118,770
261,118,769
262,118,770
263,118,764
264,118,769
265,118,762
266,118,759
267,118,768
268,118,769
269,118,779
270,118,753
271,118,776
272,118,758
273,118,757
274,118,769
275,118,756
276,118,773
277,118,764
278,118,759
279,118,769
280,118,757
281,118,769
282,118,771
283,118,751
284,118,775
285,118,763
286,118,772
287,118,766
288,118,768
289,118,773
290,118,755
291,118,765
292,118,751
293,118,762
294,118,772
295,118,754
296,118,776
297,118,767
113,119,777
114,119,761
115,119,786
116,119,767
117,119,783
118,119,760
119,119,782
120,119,770
121,119,779
122,119,759
123,119,772
124,119,759
125,119,772
126,119,764
127,119,771
128,119,764
129,119,756
130,119,769
131,119,762
132,119,770
133,119,755
134,119,769
135,119,760
136,119,752
137,119,760
138,119,761
139,119,759
140,119,765
141,119,756
142,119,773
143,119,751
144,119,757
145,119,758
146,119,755
147,119,760
148,119,750
149,119,777
150,119,746
151,119,769
152,119,758
153,119,758
154,119,781
155,119,747
156,119,784
157,119,752
158,119,775
159,119,756
160,119,761
161,119,771
162,119,768
163,119,781
164,119,752
165,119,763
166,119,759
167,119,762
168,119,767
169,119,769
170,119,759
171,119,767
172,119,760
173,119,763
174,119,765
175,119,767
176,119,768
177,119,755
178,119,767
179,119,764
180,119,764
181,119,754
182,119,748
183,119,764
184,119,754
185,119,777
186,119,759
187,119,772
188,119,758
189,119,771
190,119,766
191,119,764
192,119,767
193,119,758
194,119,770
195,119,759
196,119,761
197,119,763
198,119,750
199,119,777
200,119,756
201,119,767
202,119,764
203,119,760
204,119,768
205,119,773
206,119,762
207,119,771
208,119,752
209,119,773
210,119,766
211,119,766
212,119,772
213,119,761
214,119,782
215,119,752
216,119,767
217,119,775
218,119,772
219,119,776
220,119,772
221,119,771
222,119,765
223,119,774
224,119,767
225,119,757
226,119,760
227,119,769
228,119,764
229,119,767
230,119,768
231,119,778
232,119,778
233,119,767
234,119,775
235,119,761
236,119,770
237,119,770
238,119,763
239,119,777
240,119,764
241,119,768
242,119,770
243,119,762
244,119,785
245,119,765
246,119,775
247,119,756
248,119,767
249,119,758
250,119,750
251,119,787
252,119,758
253,119,769
254,119,765
255,119,761
256,119,781
257,119,761
258,119,777
259,119,764
260,119,765
261,119,772
262,119,769
263,119,770
264,119,774
265,119,767
266,119,765
267,119,769
268,119,762
269,119,780
270,119,757
271,119,777
272,119,757
273,119,765
274,119,786
275,119,748
276,119,792
277,119,768
278,119,774
279,119,790
280,119,763
281,119,790
282,119,756
283,119,785
284,119,768
285,119,756
286,119,776
287,119,748
288,119,787
289,119,765
290,119,771
291,119,769
292,119,774
293,119,780
294,119,767
295,119,769
296,119,774
297,119,762
298,119,763
112,120,778
113,120,777
114,120,777
115,120,758
116,120,779
117,120,768
118,120,768
119,120,768
120,120,773
121,120,765
122,120,765
123,120,766
124,120,760
125,120,780
126,120,766
127,120,775
128,120,768
129,120,764
130,120,767
131,120,777
132,120,777
133,120,763
134,120,769
135,120,771
136,120,773
137,120,766
138,120,764
139,120,773
140,120,743
141,120,770
142,120,753
143,120,769
144,120,766
145,120,757
146,120,770
147,120,751
148,120,772
149,120,769
150,120,766
151,120,767
152,120,749
153,120,775
154,120,761
155,120,762
156,120,761
157,120,762
158,120,770
159,120,756
160,120,768
161,120,759
162,120,753
163,120,772
164,120,750
165,120,776
166,120,754
167,120,773
168,120,768
169,120,756
170,120,772
171,120,752
172,120,776
173,120,755
174,120,770
175,120,765
176,120,767
177,120,778
178,120,755
179,120,773
180,120,753
181,120,774
182,120,768
183,120,769
184,120,774
185,120,775
186,120,766
187,120,769
188,120,761
189,120,768
190,120,761
191,120,758
192,120,753
193,120,752
194,120,761
195,120,764
196,120,768
197,120,775
198,120,752
199,120,780
200,120,747
201,120,773
202,120,763
203,120,753
204,120,788
205,120,738
206,120,769
207,120,754
208,120,767
209,120,764
210,120,749
211,120,779
212,120,740
213,120,769
214,120,761
215,120,756
216,120,760
217,120,756
218,120,763
219,120,760
220,120,769
221,120,778
222,120,763
223,120,761
224,120,769
225,120,751
226,120,769
227,120,766
228,120,753
229,120,768
230,120,757
231,120,769
232,120,758
233,120,764
234,120,769
235,120,758
236,120,770
237,120,756
238,120,769
239,120,767
240,120,769
241,120,772
242,120,766
243,120,775
244,120,759
245,120,765
246,120,762
247,120,754
248,120,767
249,120,755
250,120,773
251,120,762
252,120,758
253,120,764
254,120,763
255,120,761
256,120,762
257,120,759
258,120,769
259,120,753
260,120,763
261,120,764
262,120,754
263,120,774
264,120,751
265,120,764
266,120,770
267,120,744
268,120,768
269,120,748
270,120,762
271,120,755
272,120,751
273,120,770
274,120,751
275,120,758
276,120,759
277,120,754
278,120,768
279,120,754
280,120,758
281,120,770
282,120,749
283,120,758
284,120,755
285,120,773
286,120,762
287,120,748
288,120,762
289,120,758
290,120,771
291,120,773
292,120,763
293,120,773
294,120,758
295,120,765
296,120,742
297,120,761
298,120,765
299,120,751
300,120,771
112,121,787
113,121,769
114,121,782
115,121,765
116,121,771
117,121,765
118,121,777
119,121,755
120,121,764
121,121,772
122,121,772
123,121,765
124,121,761
125,121,777
126,121,761
127,121,786
128,121,756
129,121,778
130,121,762
131,121,773
132,121,762
133,121,771
134,121,769
135,121,761
136,121,772
137,121,766
138,121,776
139,121,769
140,121,776
141,121,772
142,121,779
143,121,768
144,121,771
145,121,772
146,121,779
147,121,753
148,121,767
149,121,759
150,121,768
151,121,775
152,121,778
153,121,774
154,121,766
155,121,787
156,121,764
157,121,767
158,121,776
159,121,768
160,121,768
161,121,753
162,121,781
163,121,756
164,121,765
165,121,758
166,121,772
167,121,780
168,121,758
169,121,780
170,121,756
171,121,772
172,121,770
173,121,774
174,121,769
175,121,759
176,121,771
177,121,761
178,121,779
179,121,784
180,121,761
181,121,763
182,121,767
183,121,766
184,121,775
185,121,748
186,121,777
187,121,761
188,121,770
189,121,773
190,121,754
191,121,779
192,121,760
193,121,769
194,121,775
195,121,771
196,121,779
197,121,761
198,121,785
199,121,776
200,121,776
201,121,782
202,121,765
203,121,768
204,121,772
205,121,764
206,121,784
207,121,770
208,121,769
209,121,773
210,121,774
211,121,784
212,121,763
213,121,781
214,121,770
215,121,774
216,121,786
217,121,757
218,121,787
219,121,765
220,121,774
221,121,763
222,121,767
223,121,788
224,121,759
225,121,767
226,121,769
227,121,762
228,121,776
229,121,761
230,121,770
231,121,763
232,121,769
233,121,765
234,121,767
235,121,780
236,121,767
237,121,772
238,121,765
239,121,764
240,121,763
241,121,771
242,121,763
243,121,776
244,121,765
245,121,768
246,121,771
247,121,767
248,121,777
249,121,763
250,121,779
251,121,771
252,121,759
253,121,779
254,121,762
255,121,790
256,121,759
257,121,768
258,121,776
259,121,769
260,121,784
261,121,755
262,121,773
263,121,769
264,121,769
265,121,775
266,121,760
267,121,765
268,121,765
269,121,769
270,121,776
271,121,757
272,121,762
273,121,774
274,121,776
275,121,773
276,121,771
277,121,767
278,121,767
279,121,758
280,121,764
281,121,760
282,121,761
283,121,780
284,121,757
285,121,772
286,121,759
287,121,762
288,121,769
289,121,759
290,121,779
291,121,755
292,121,774
293,121,761
294,121,767
295,121,772
296,121,763
297,121,769
298,121,757
299,121,772
300,121,764
301,121,764
111,122,766
112,122,776
113,122,769
114,122,758
115,122,772
116,122,759
117,122,774
118,122,761
119,122,772
120,122,764
121,122,761
122,122,767
123,122,756
124,122,764
125,122,755
126,122,767
127,122,766
128,122,765
129,122,775
130,122,761
131,122,773
132,122,752
133,122,767
134,122,773
135,122,765
136,122,787
137,122,748
138,122,771
139,122,754
140,122,777
141,122,768
142,122,769
143,122,764
144,122,756
145,122,774
146,122,746
147,122,768
148,122,763
149,122,775
150,122,768
151,122,762
152,122,765
153,122,761
154,122,766
155,122,762
156,122,767
157,122,761
158,122,756
159,122,757
160,122,770
161,122,761
162,122,778
163,122,758
164,122,782
165,122,771
166,122,762
167,122,774
168,122,763
169,122,777
170,122,738
171,122,771
172,122,762
173,122,767
174,122,763
175,122,755
176,122,773
177,122,756
178,122,780
179,122,759
180,122,765
181,122,773
182,122,761
183,122,771
184,122,758
185,122,788
186,122,769
187,122,768
188,122,772
189,122,762
190,122,773
191,122,768
192,122,767
193,122,777
194,122,763
195,122,769
196,122,773
197,122,747
198,122,780
199,122,763
200,122,775
201,122,783
202,122,755
203,122,784
204,122,752
205,122,772
206,122,766
207,122,760
208,122,785
209,122,749
210,122,776
211,122,756
212,122,772
213,122,782
214,122,758
215,122,768
216,122,755
217,122,770
218,122,765
219,122,764
220,122,771
221,122,764
222,122,777
223,122,762
224,122,770
225,122,770
226,122,767
227,122,771
228,122,772
229,122,783
230,122,772
231,122,763
232,122,775
233,122,767
234,122,758
235,122,779
236,122,763
237,122,780
238,122,765
239,122,775
240,122,782
241,122,766
242,122,796
243,122,771
244,122,773
245,122,780
246,122,754
247,122,787
248,122,764
249,122,766
250,122,779
251,122,762
252,122,780
253,122,763
254,122,769
255,122,782
256,122,764
257,122,784
258,122,770
259,122,762
260,122,775
261,122,756
262,122,770
263,122,763
264,122,755
265,122,786
266,122,757
267,122,781
268,122,758
269,122,764
270,122,790
271,122,770
272,122,779
273,122,764
274,122,777
275,122,765
276,122,767
277,122,758
278,122,758
279,122,773
280,122,764
281,122,766
282,122,770
283,122,768
284,122,762
285,122,759
286,122,778
287,122,775
288,122,760
289,122,766
290,122,778
291,122,762
292,122,764
293,122,756
294,122,777
295,122,763
296,122,762
297,122,776
298,122,744
299,122,779
300,122,748
301,122,767
302,122,767
303,122,752
111,123,752
112,123,778
113,123,775
114,123,759
115,123,786
116,123,767
117,123,770
118,123,771
119,123,767
120,123,779
121,123,758
122,123,757
123,123,757
124,123,779
125,123,758
126,123,779
127,123,755
128,123,768
129,123,761
130,123,769
131,123,768
132,123,771
133,123,779
134,123,755
135,123,775
136,123,760
137,123,769
138,123,774
139,123,762
140,123,783
141,123,776
142,123,772
143,123,772
144,123,768
145,123,774
146,123,771
147,123,780
148,123,762
149,123,765
150,123,767
151,123,770
152,123,772
153,123,760
154,123,776
155,123,768
156,123,770
157,123,783
158,123,771
159,123,767
160,123,759
161,123,771
162,123,758
163,123,773
164,123,763
165,123,767
166,123,765
167,123,763
168,123,777
169,123,764
170,123,760
171,123,776
172,123,761
173,123,780
174,123,778
175,123,772
176,123,776
177,123,769
178,123,776
179,123,755
180,123,782
181,123,771
182,123,761
183,123,777
184,123,762
185,123,788
186,123,759
187,123,770
188,123,779
189,123,753
190,123,784
191,123,755
192,123,776
193,123,767
194,123,768
195,123,783
196,123,768
197,123,771
198,123,761
199,123,767
200,123,768
201,123,764
202,123,767
203,123,770
204,123,773
205,123,776
206,123,768
207,123,765
208,123,772
209,123,765
210,123,788
211,123,757
212,123,783
213,123,764
214,123,761
215,123,785
216,123,760
217,123,780
218,123,761
219,123,773
220,123,780
221,123,755
222,123,784
223,123,759
224,123,775
225,123,761
226,123,773
227,123,784
228,123,760
229,123,788
230,123,773
231,123,771
232,123,765
233,123,766
234,123,779
235,123,762
236,123,783
237,123,761
238,123,776
239,123,758
240,123,779
241,123,764
242,123,770
243,123,781
244,123,782
245,123,778
246,123,761
247,123,774
248,123,763
249,123,773
250,123,770
251,123,763
252,123,786
253,123,749
254,123,779
255,123,760
256,123,761
257,123,779
258,123,758
259,123,772
260,123,760
261,123,773
262,123,773
263,123,757
264,123,773
265,123,764
266,123,775
267,123,777
268,123,763
269,123,780
270,123,763
271,123,773
272,123,761
273,123,765
274,123,772
275,123,773
276,123,770
277,123,769
278,123,765
279,123,786
280,123,767
281,123,766
282,123,776
283,123,763
284,123,772
285,123,768
286,123,778
287,123,769
288,123,767
289,123,776
290,123,761
291,123,769
292,123,771
293,123,773
294,123,771
295,123,752
296,123,776
297,123,759
298,123,768
299,123,776
300,123,750
301,123,776
302,123,760
303,123,774
304,123,772
110,124,790
111,124,757
112,124,776
113,124,755
114,124,785
115,124,779
116,124,770
117,124,766
118,124,767
119,124,763
120,124,763
121,124,776
122,124,759
123,124,774
124,124,771
125,124,771
126,124,774
127,124,772
128,124,780
129,124,767
130,124,763
131,124,764
132,124,762
133,124,791
134,124,760
135,124,782
136,124,754
137,124,782
138,124,774
139,124,760
140,124,768
141,124,747
142,124,783
143,124,753
144,124,788
145,124,760
146,124,768
147,124,764
148,124,764
149,124,768
150,124,758
151,124,767
152,124,756
153,124,768
154,124,770
155,124,775
156,124,762
157,124,770
158,124,770
159,124,766
160,124,771
161,124,769
162,124,760
163,124,769
164,124,765
165,124,764
166,124,774
167,124,768
168,124,785
169,124,761
170,124,775
171,124,764
172,124,771
173,124,783
174,124,766
175,124,782
176,124,760
177,124,783
178,124,768
179,124,762
180,124,785
181,124,760
182,124,778
183,124,757
184,124,762
185,124,768
186,124,754
187,124,775
188,124,770
189,124,781
190,124,774
191,124,760
192,124,767
193,124,778
194,124,761
195,124,769
196,124,751
197,124,770
198,124,761
199,124,760
200,124,768
201,124,760
202,124,775
203,124,766
204,124,769
205,124,769
206,124,748
207,124,765
208,124,766
209,124,777
210,124,745
211,124,762
212,124,761
213,124,761
214,124,774
215,124,765
216,124,771
217,124,765
218,124,751
219,124,768
220,124,766
221,124,767
222,124,768
223,124,758
224,124,771
225,124,761
226,124,765
227,124,771
228,124,752
229,124,772
230,124,750
231,124,764
232,124,777
233,124,756
234,124,774
235,124,755
236,124,785
237,124,774
238,124,760
239,124,769
240,124,745
241,124,766
242,124,758
243,124,769
244,124,777
245,124,756
246,124,770
247,124,760
248,124,770
249,124,764
250,124,764
251,124,768
252,124,766
253,124,758
254,124,769
255,124,761
256,124,763
257,124,777
258,124,763
259,124,778
260,124,766
261,124,769
262,124,772
263,124,755
264,124,782
265,124,751
266,124,777
267,124,759
268,124,759
269,124,773
270,124,749
271,124,780
272,124,766
273,124,764
274,124,766
275,124,763
276,124,777
277,124,758
278,124,779
279,124,755
280,124,773
281,124,756
282,124,763
283,124,769
284,124,768
285,124,774
286,124,768
287,124,758
288,124,766
289,124,773
290,124,764
291,124,779
292,124,767
293,124,761
294,124,766
295,124,755
296,124,769
297,124,763
298,124,772
299,124,757
300,124,752
301,124,773
302,124,757
303,124,778
304,124,767
305,124,768
306,124,771
110,125,765
111,125,758
112,125,762
113,125,761
114,125,777
115,125,765
116,125,774
117,125,754
118,125,768
119,125,769
120,125,758
121,125,784
122,125,760
123,125,772
124,125,759
125,125,773
126,125,768
127,125,774
128,125,763
129,125,763
130,125,773
131,125,763
132,125,778
133,125,769
134,125,770
135,125,755
136,125,768
137,125,769
138,125,760
139,125,764
140,125,761
141,125,764
142,125,771
143,125,757
144,125,784
145,125,754
146,125,774
147,125,767
148,125,761
149,125,768
150,125,748
151,125,774
152,125,760
153,125,776
154,125,767
155,125,772
156,125,776
157,125,761
158,125,780
159,125,761
160,125,770
161,125,753
162,125,767
163,125,768
164,125,752
165,125,769
166,125,756
167,125,775
168,125,766
169,125,762
170,125,763
171,125,768
172,125,766
173,125,779
174,125,775
175,125,777
176,125,776
177,125,765
178,125,767
179,125,756
180,125,790
181,125,756
182,125,782
183,125,761
184,125,774
185,125,775
186,125,764
187,125,772
188,125,747
189,125,771
190,125,765
191,125,768
192,125,775
193,125,748
194,125,780
195,125,752
196,125,775
197,125,759
198,125,763
199,125,765
200,125,753
201,125,778
202,125,748
203,125,774
204,125,766
205,125,768
206,125,759
207,125,775
208,125,765
209,125,753
210,125,776
211,125,754
212,125,779
213,125,757
214,125,767
215,125,764
216,125,775
217,125,773
218,125,762
219,125,775
220,125,760
221,125,785
222,125,760
223,125,764
224,125,771
225,125,756
226,125,775
227,125,756
228,125,788
229,125,765
230,125,764
231,125,770
232,125,766
233,125,780
234,125,762
235,125,775
236,125,779
237,125,761
238,125,770
239,125,761
240,125,767
241,125,765
242,125,762
243,125,767
244,125,760
245,125,769
246,125,774
247,125,768
248,125,763
249,125,778
250,125,747
251,125,782
252,125,753
253,125,769
254,125,765
255,125,760
256,125,782
257,125,761
258,125,768
259,125,766
260,125,775
261,125,767
262,125,768
263,125,770
264,125,769
265,125,767
266,125,774
267,125,765
268,125,770
269,125,766
270,125,767
271,125,778
272,125,761
273,125,766
274,125,770
275,125,772
276,125,768
277,125,764
278,125,793
279,125,770
280,125,782
281,125,769
282,125,760
283,125,774
284,125,755
285,125,769
286,125,779
287,125,751
288,125,785
289,125,759
290,125,781
291,125,759
292,125,770
293,125,770
294,125,762
295,125,767
296,125,765
297,125,769
298,125,769
299,125,769
300,125,777
301,125,764
302,125,767
303,125,766
304,125,750
305,125,776
306,125,764
307,125,758
109,126,770
110,126,771
111,126,770
112,126,771
113,126,768
114,126,776
115,126,751
116,126,786
117,126,754
118,126,782
119,126,750
120,126,776
121,126,757
122,126,763
123,126,772
124,126,770
125,126,768
126,126,768
127,126,763
128,126,763
129,126,766
130,126,770
131,126,766
132,126,767
133,126,775
134,126,767
135,126,760
136,126,769
137,126,773
138,126,761
139,126,778
140,126,757
141,126,782
142,126,751
143,126,765
144,126,765
145,126,764
146,126,767
147,126,742
148,126,776
149,126,756
150,126,773
151,126,756
152,126,771
153,126,778
154,126,760
155,126,781
156,126,758
157,126,782
158,126,772
159,126,758
160,126,773
161,126,761
162,126,763
163,126,761
164,126,753
165,126,773
166,126,752
167,126,770
168,126,754
169,126,760
170,126,766
171,126,758
172,126,781
173,126,748
174,126,770
175,126,755
176,126,764
177,126,772
178,126,758
179,126,769
180,126,761
181,126,770
182,126,770
183,126,772
184,126,761
185,126,759
186,126,768
187,126,767
188,126,769
189,126,763
190,126,768
191,126,768
192,126,767
193,126,765
194,126,775
195,126,767
196,126,780
197,126,766
198,126,768
199,126,777
200,126,752
201,126,790
202,126,759
203,126,762
204,126,773
205,126,761
206,126,782
207,126,749
208,126,788
209,126,753
210,126,772
211,126,767
212,126,759
213,126,779
214,126,756
215,126,779
216,126,769
217,126,761
218,126,771
219,126,762
220,126,769
221,126,758
222,126,769
223,126,759
224,126,772
225,126,751
226,126,772
227,126,770
228,126,765
229,126,771
230,126,755
231,126,779
232,126,760
233,126,781
234,126,759
235,126,761
236,126,777
237,126,754
238,126,793
239,126,755
240,126,785
241,126,777
242,126,759
243,126,779
244,126,764
245,126,786
246,126,760
247,126,767
248,126,770
249,126,771
250,126,775
251,126,758
252,126,775
253,126,761
254,126,768
255,126,765
256,126,756
257,126,776
258,126,754
259,126,774
260,126,758
261,126,765
262,126,758
263,126,770
264,126,762
265,126,770
266,126,767
267,126,754
268,126,774
269,126,751
270,126,774
271,126,764
272,126,767
273,126,769
274,126,747
275,126,783
276,126,754
277,126,775
278,126,764
279,126,760
280,126,773
281,126,754
282,126,775
283,126,750
284,126,769
285,126,786
286,126,766
287,126,777
288,126,768
289,126,765
290,126,765
291,126,773
292,126,766
293,126,770
294,126,772
295,126,760
296,126,765
297,126,757
298,126,772
299,126,755
300,126,769
301,126,748
302,126,765
303,126,767
304,126,753
305,126,776
306,126,739
307,126,766
308,126,757
108,127,777
109,127,775
110,127,763
111,127,769
112,127,777
113,127,783
114,127,763
115,127,770
116,127,779
117,127,777
118,127,786
119,127,765
120,127,787
121,127,758
122,127,764
123,127,768
124,127,767
125,127,764
126,127,763
127,127,765
128,127,749
129,127,770
130,127,752
131,127,771
132,127,746
133,127,773
134,127,754
135,127,764
136,127,762
137,127,747
138,127,769
139,127,759
140,127,774
141,127,749
142,127,758
143,127,760
144,127,760
145,127,764
146,127,759
147,127,762
148,127,763
149,127,765
150,127,776
151,127,764
152,127,769
153,127,774
154,127,752
155,127,781
156,127,751
157,127,779
158,127,757
159,127,766
160,127,761
161,127,762
162,127,785
163,127,745
164,127,785
165,127,763
166,127,780
167,127,764
168,127,760
169,127,776
170,127,766
171,127,778
172,127,768
173,127,775
174,127,771
175,127,772
176,127,768
177,127,769
178,127,763
179,127,777
180,127,771
181,127,767
182,127,778
183,127,765
184,127,792
185,127,760
186,127,769
187,127,764
188,127,770
189,127,767
190,127,764
191,127,777
192,127,743
193,127,777
194,127,755
195,127,768
196,127,765
197,127,774
198,127,781
199,127,758
200,127,771
201,127,762
202,127,768
203,127,769
204,127,758
205,127,777
206,127,753
207,127,772
208,127,761
209,127,775
210,127,773
211,127,768
212,127,759
213,127,761
214,127,753
215,127,766
216,127,771
217,127,758
218,127,775
219,127,745
220,127,762
221,127,770
222,127,759
223,127,774
224,127,761
225,127,781
226,127,763
227,127,772
228,127,761
229,127,759
230,127,778
231,127,748
232,127,771
233,127,770
234,127,757
235,127,765
236,127,774
237,127,768
238,127,758
239,127,764
240,127,771
241,127,753
242,127,770
243,127,770
244,127,768
245,127,768
246,127,764
247,127,757
248,127,765
249,127,754
250,127,772
251,127,754
252,127,772
253,127,767
254,127,762
255,127,779
256,127,756
257,127,770
258,127,754
259,127,757
260,127,766
261,127,755
262,127,780
263,127,751
264,127,768
265,127,767
266,127,761
267,127,770
268,127,757
269,127,779
270,127,772
271,127,764
272,127,758
273,127,768
274,127,762
275,127,759
276,127,759
277,127,774
278,127,765
279,127,759
280,127,784
281,127,752
282,127,779
283,127,760
284,127,755
285,127,775
286,127,748
287,127,784
288,127,752
289,127,766
290,127,768
291,127,758
292,127,785
293,127,755
294,127,788
295,127,762
296,127,767
297,127,768
298,127,754
299,127,781
300,127,755
301,127,766
302,127,763
303,127,773
304,127,762
305,127,770
306,127,770
307,127,773
308,127,772
309,127,755
108,128,767
109,128,765
110,128,759
111,128,779
112,128,748
113,128,775
114,128,739
115,128,769
116,128,743
117,128,779
118,128,760
119,128,770
120,128,757
121,128,768
122,128,768
123,128,754
124,128,765
125,128,767
126,128,786
127,128,754
128,128,774
129,128,749
130,128,776
131,128,766
132,128,773
133,128,767
134,128,761
135,128,764
136,128,766
137,128,767
138,128,773
139,128,773
140,128,772
141,128,762
142,128,778
143,128,769
144,128,764
145,128,771
146,128,752
147,128,781
148,128,750
149,128,765
150,128,770
151,128,759
152,128,783
153,128,751
154,128,779
155,128,760
156,128,786
157,128,761
158,128,760
159,128,762
160,128,761
161,128,774
162,128,775
163,128,769
164,128,772
165,128,766
166,128,769
167,128,754
168,128,763
169,128,773
170,128,760
171,128,786
172,128,745
173,128,759
174,128,767
175,128,755
176,128,780
177,128,762
178,128,776
179,128,763
180,128,774
181,128,768
182,128,774
183,128,776
184,128,751
185,128,771
186,128,751
187,128,773
188,128,770
189,128,777
190,128,772
191,128,761
192,128,764
193,128,766
194,128,765
195,128,767
196,128,771
197,128,770
198,128,758
199,128,774
200,128,769
201,128,760
202,128,751
203,128,762
204,128,752
205,128,776
206,128,748
207,128,785
208,128,762
209,128,758
210,128,785
211,128,749
212,128,789
213,128,757
214,128,769
215,128,773
216,128,748
217,128,778
218,128,755
219,128,769
220,128,764
221,128,761
222,128,766
223,128,759
224,128,778
225,128,763
226,128,773
227,128,759
228,128,772
229,128,760
230,128,777
231,128,770
232,128,771
233,128,778
234,128,755
235,128,774
236,128,762
237,128,768
238,128,757
239,128,767
240,128,775
241,128,756
242,128,778
243,128,754
244,128,781
245,128,766
246,128,765
247,128,778
248,128,747
249,128,780
250,128,763
251,128,776
252,128,768
253,128,746
254,128,783
255,128,756
256,128,767
257,128,760
258,128,772
259,128,759
260,128,771
261,128,767
262,128,769
263,128,763
264,128,762
265,128,769
266,128,768
267,128,782
268,128,763
269,128,782
270,128,773
271,128,765
272,128,774
273,128,752
274,128,779
275,128,761
276,128,768
277,128,782
278,128,752
279,128,784
280,128,767
281,128,779
282,128,782
283,128,763
284,128,773
285,128,761
286,128,776
287,128,757
288,128,758
289,128,768
290,128,764
291,128,775
292,128,760
293,128,764
294,128,772
295,128,756
296,128,764
297,128,773
298,128,750
299,128,777
300,128,758
301,128,774
302,128,765
303,128,760
304,128,771
305,128,758
306,128,769
307,128,757
308,128,773
309,128,769
310,128,749
311,128,772
107,129,762
108,129,771
109,129,782
110,129,781
111,129,751
112,129,783
113,129,767
114,129,769
115,129,759
116,129,769
117,129,760
118,129,762
119,129,768
120,129,780
121,129,763
122,129,766
123,129,759
124,129,769
125,129,760
126,129,789
127,129,764
128,129,766
129,129,762
130,129,764
131,129,772
132,129,758
133,129,773
134,129,747
135,129,781
136,129,751
137,129,785
138,129,750
139,129,776
140,129,754
141,129,760
142,129,781
143,129,754
144,129,776
145,129,758
146,129,764
147,129,766
148,129,767
149,129,768
150,129,764
151,129,760
152,129,766
153,129,765
154,129,767
155,129,766
156,129,765
157,129,766
158,129,766
159,129,783
160,129,749
161,129,778
162,129,757
163,129,778
164,129,763
165,129,760
166,129,772
167,129,747
168,129,779
169,129,755
170,129,769
171,129,762
172,129,756
173,129,767
174,129,759
175,129,777
176,129,755
177,129,778
178,129,772
179,129,764
180,129,765
181,129,767
182,129,769
183,129,761
184,129,777
185,129,777
186,129,768
187,129,776
188,129,775
189,129,760
190,129,779
191,129,765
192,129,772
193,129,767
194,129,765
195,129,770
196,129,770
197,129,787
198,129,760
199,129,774
200,129,773
201,129,764
202,129,779
203,129,751
204,129,769
205,129,757
206,129,763
207,129,781
208,129,761
209,129,768
210,129,764
211,129,776
212,129,763
213,129,762
214,129,764
215,129,768
216,129,760
217,129,769
218,129,753
219,129,765
220,129,768
221,129,769
222,129,778
223,129,754
224,129,773
225,129,761
226,129,756
227,129,770
228,129,751
229,129,770
230,129,760
231,129,766
232,129,755
233,129,758
234,129,778
235,129,765
236,129,772
237,129,767
238,129,764
239,129,769
240,129,766
241,129,773
242,129,770
243,129,769
244,129,767
245,129,774
246,129,758
247,129,768
248,129,752
249,129,764
250,129,770
251,129,768
252,129,767
253,129,759
254,129,778
255,129,754
256,129,770
257,129,764
258,129,752
259,129,770
260,129,743
261,129,776
262,129,750
263,129,760
264,129,780
265,129,748
266,129,783
267,129,755
268,129,771
269,129,771
270,129,755
271,129,772
272,129,761
273,129,785
274,129,771
275,129,765
276,129,768
277,129,768
278,129,762
279,129,763
280,129,764
281,129,769
282,129,771
283,129,753
284,129,779
285,129,759
286,129,773
287,129,771
288,129,755
289,129,778
290,129,765
291,129,788
292,129,762
293,129,765
294,129,769
295,129,756
296,129,786
297,129,761
298,129,782
299,129,763
300,129,770
301,129,770
302,129,767
303,129,779
304,129,758
305,129,784
306,129,760
307,129,771
308,129,764
309,129,763
310,129,770
311,129,753
312,129,768
107,130,775
108,130,773
109,130,775
110,130,766
111,130,764
112,130,761
113,130,767
114,130,752
115,130,773
116,130,773
117,130,775
118,130,763
119,130,767
120,130,774
121,130,781
122,130,757
123,130,781
124,130,764
125,130,777
126,130,765
127,130,762
128,130,769
129,130,756
130,130,779
131,130,748
132,130,779
133,130,752
134,130,774
135,130,748
136,130,765
137,130,767
138,130,754
139,130,767
140,130,752
141,130,757
142,130,763
143,130,762
144,130,773
145,130,761
146,130,770
147,130,779
148,130,766
149,130,778
150,130,768
151,130,779
152,130,756
153,130,773
154,130,766
155,130,768
156,130,773
157,130,751
158,130,784
159,130,753
160,130,774
161,130,766
162,130,770
163,130,766
164,130,765
165,130,771
166,130,768
167,130,772
168,130,767
169,130,773
170,130,765
171,130,765
172,130,771
173,130,755
174,130,760
175,130,767
176,130,773
177,130,759
178,130,768
179,130,764
180,130,772
181,130,765
182,130,771
183,130,751
184,130,775
185,130,759
186,130,755
187,130,775
188,130,739
189,130,778
190,130,750
191,130,765
192,130,765
193,130,757
194,130,778
195,130,745
196,130,761
197,130,760
198,130,760
199,130,771
200,130,760
201,130,766
202,130,759
203,130,763
204,130,762
205,130,772
206,130,768
207,130,774
208,130,762
209,130,769
210,130,760
211,130,756
212,130,779
213,130,749
214,130,776
215,130,748
216,130,772
217,130,783
218,130,767
219,130,779
220,130,754
221,130,779
222,130,770
223,130,764
224,130,772
225,130,761
226,130,785
227,130,753
228,130,772
229,130,758
230,130,766
231,130,773
232,130,750
233,130,777
234,130,763
235,130,765
236,130,770
237,130,757
238,130,763
239,130,768
240,130,771
241,130,766
242,130,774
243,130,765
244,130,777
245,130,769
246,130,765
247,130,764
248,130,764
249,130,773
250,130,749
251,130,776
252,130,759
253,130,783
254,130,771
255,130,770
256,130,766
257,130,745
258,130,772
259,130,769
260,130,767
261,130,785
262,130,759
263,130,784
264,130,769
265,130,767
266,130,771
267,130,761
268,130,773
269,130,767
270,130,757
271,130,767
272,130,758
273,130,755
274,130,763
275,130,763
276,130,769
277,130,754
278,130,776
279,130,760
280,130,761
281,130,770
282,130,763
283,130,771
284,130,757
285,130,760
286,130,766
287,130,760
288,130,771
289,130,749
290,130,762
291,130,760
292,130,761
293,130,772
294,130,762
295,130,775
296,130,764
297,130,762
298,130,764
299,130,757
300,130,764
301,130,759
302,130,754
303,130,765
304,130,762
305,130,760
306,130,767
307,130,760
308,130,769
309,130,759
310,130,777
311,130,760
312,130,769
313,130,771
106,131,753
107,131,785
108,131,766
109,131,781
110,131,756
111,131,780
112,131,758
113,131,775
114,131,761
115,131,764
116,131,768
117,131,765
118,131,774
119,131,760
120,131,782
121,131,757
122,131,794
123,131,784
124,131,789
125,131,775
126,131,777
127,131,767
128,131,773
129,131,761
130,131,771
131,131,761
132,131,779
133,131,769
134,131,773
135,131,771
136,131,751
137,131,781
138,131,769
139,131,792
140,131,744
141,131,784
142,131,759
143,131,766
144,131,772
145,131,764
146,131,789
147,131,745
148,131,792
149,131,756
150,131,774
151,131,764
152,131,766
153,131,768
154,131,761
155,131,766
156,131,762
157,131,777
158,131,761
159,131,769
160,131,753
161,131,769
162,131,766
163,131,781
164,131,760
165,131,766
166,131,768
167,131,766
168,131,773
169,131,758
170,131,771
171,131,761
172,131,778
173,131,764
174,131,779
175,131,765
176,131,759
177,131,771
178,131,755
179,131,776
180,131,753
181,131,776
182,131,769
183,131,762
184,131,777
185,131,765
186,131,773
187,131,763
188,131,775
189,131,767
190,131,756
191,131,770
192,131,761
193,131,773
194,131,772
195,131,758
196,131,765
197,131,764
198,131,757
199,131,761
200,131,751
201,131,767
202,131,756
203,131,764
204,131,769
205,131,758
206,131,778
207,131,764
208,131,776
209,131,774
210,131,757
211,131,773
212,131,757
213,131,771
214,131,765
215,131,765
216,131,775
217,131,770
218,131,774
219,131,765
220,131,768
221,131,764
222,131,768
223,131,762
224,131,779
225,131,764
226,131,776
227,131,767
228,131,770
229,131,774
230,131,775
231,131,770
232,131,758
233,131,773
234,131,768
235,131,776
236,131,770
237,131,758
238,131,778
239,131,766
240,131,776
241,131,772
242,131,761
243,131,780
244,131,754
245,131,778
246,131,752
247,131,767
248,131,770
249,131,751
250,131,768
251,131,759
252,131,768
253,131,771
254,131,758
255,131,774
256,131,769
257,131,764
258,131,774
259,131,763
260,131,762
261,131,770
262,131,752
263,131,780
264,131,753
265,131,767
266,131,773
267,131,756
268,131,775
269,131,752
270,131,778
271,131,760
272,131,762
273,131,771
274,131,763
275,131,790
276,131,772
277,131,771
278,131,761
279,131,769
280,131,774
281,131,756
282,131,776
283,131,767
284,131,766
285,131,769
286,131,774
287,131,771
288,131,772
289,131,785
290,131,757
291,131,777
292,131,762
293,131,764
294,131,772
295,131,775
296,131,768
297,131,756
298,131,771
299,131,759
300,131,783
301,131,765
302,131,786
303,131,764
304,131,763
305,131,771
306,131,751
307,131,786
308,131,755
309,131,767
310,131,759
311,131,763
312,131,766
313,131,749
314,131,760
105,132,763
106,132,772
107,132,763
108,132,770
109,132,772
110,132,772
111,132,761
112,132,764
113,132,773
114,132,751
115,132,767
116,132,759
117,132,760
118,132,766
119,132,765
120,132,759
121,132,752
122,132,775
123,132,782
124,132,777
125,132,774
126,132,772
127,132,758
128,132,758
129,132,764
130,132,757
131,132,768
132,132,769
133,132,754
134,132,766
135,132,754
136,132,767
137,132,747
138,132,768
139,132,762
140,132,764
141,132,765
142,132,766
143,132,764
144,132,766
145,132,769
146,132,775
147,132,764
148,132,768
149,132,756
150,132,771
151,132,755
152,132,768
153,132,757
154,132,758
155,132,774
156,132,755
157,132,780
158,132,751
159,132,768
160,132,754
161,132,758
162,132,763
163,132,752
164,132,765
165,132,759
166,132,768
167,132,757
168,132,762
169,132,765
170,132,758
171,132,774
172,132,756
173,132,774
174,132,759
175,132,763
176,132,756
177,132,768
178,132,765
179,132,762
180,132,763
181,132,764
182,132,760
183,132,769
184,132,782
185,132,764
186,132,773
187,132,754
188,132,761
189,132,763
190,132,756
191,132,781
192,132,736
193,132,782
194,132,753
195,132,760
196,132,774
197,132,752
198,132,774
199,132,749
200,132,769
201,132,757
202,132,763
203,132,771
204,132,751
205,132,773
206,132,760
207,132,772
208,132,758
209,132,760
210,132,760
211,132,766
212,132,771
213,132,769
214,132,759
215,132,747
216,132,763
217,132,755
218,132,769
219,132,768
220,132,759
221,132,773
222,132,761
223,132,778
224,132,736
225,132,771
226,132,777
227,132,764
228,132,766
229,132,741
230,132,773
231,132,747
232,132,761
233,132,749
234,132,758
235,132,778
236,132,757
237,132,769
238,132,757
239,132,759
240,132,758
241,132,763
242,132,775
243,132,761
244,132,763
245,132,765
246,132,766
247,132,767
248,132,759
249,132,766
250,132,768
251,132,771
252,132,763
253,132,764
254,132,755
255,132,776
256,132,762
257,132,763
258,132,766
259,132,757
260,132,771
261,132,752
262,132,771
263,132,761
264,132,762
265,132,761
266,132,762
267,132,774
268,132,766
269,132,770
270,132,768
271,132,758
272,132,761
273,132,751
274,132,763
275,132,770
276,132,750
277,132,767
278,132,761
279,132,761
280,132,765
281,132,754
282,132,771
283,132,757
284,132,760
285,132,765
286,132,757
287,132,775
288,132,758
289,132,766
290,132,753
291,132,772
292,132,767
293,132,755
294,132,764
295,132,754
296,132,772
297,132,771
298,132,762
299,132,774
300,132,756
301,132,768
302,132,766
303,132,768
304,132,765
305,132,755
306,132,762
307,132,763
308,132,767
309,132,764
310,132,758
311,132,763
312,132,759
313,132,743
314,132,775
315,132,753
316,132,771
105,133,769
106,133,781
107,133,771
108,133,770
109,133,764
110,133,766
111,133,768
112,133,765
113,133,779
114,133,773
115,133,774
116,133,765
117,133,770
118,133,767
119,133,777
120,133,765
121,133,790
122,133,791
123,133,786
124,133,783
125,133,761
126,133,776
127,133,758
128,133,774
129,133,760
130,133,774
131,133,764
132,133,766
133,133,766
134,133,762
135,133,769
136,133,770
137,133,771
138,133,765
139,133,768
140,133,772
141,133,771
142,133,759
143,133,766
144,133,766
145,133,776
146,133,758
147,133,773
148,133,763
149,133,773
150,133,771
151,133,753
152,133,771
153,133,760
154,133,766
155,133,768
156,133,778
157,133,780
158,133,773
159,133,781
160,133,767
161,133,777
162,133,770
163,133,772
164,133,761
165,133,771
166,133,766
167,133,770
168,133,774
169,133,769
170,133,770
171,133,771
172,133,769
173,133,779
174,133,755
175,133,770
176,133,771
177,133,762
178,133,789
179,133,780
180,133,773
181,133,770
182,133,764
183,133,780
184,133,763
185,133,772
186,133,764
187,133,766
188,133,774
189,133,762
190,133,778
191,133,766
192,133,769
193,133,784
194,133,771
195,133,770
196,133,765
197,133,761
198,133,761
199,133,756
200,133,769
201,133,766
202,133,764
203,133,775
204,133,767
205,133,778
206,133,776
207,133,771
208,133,769
209,133,762
210,133,775
211,133,762
212,133,776
213,133,764
214,133,770
215,133,766
216,133,759
217,133,776
218,133,769
219,133,781
220,133,754
221,133,775
222,133,770
223,133,760
224,133,764
225,133,757
226,133,766
227,133,759
228,133,763
229,133,767
230,133,779
231,133,765
232,133,762
233,133,771
234,133,760
235,133,775
236,133,758
237,133,767
238,133,763
239,133,772
240,133,782
241,133,748
242,133,775
243,133,761
244,133,773
245,133,763
246,133,759
247,133,781
248,133,759
249,133,782
250,133,754
251,133,762
252,133,783
253,133,763
254,133,785
255,133,763
256,133,771
257,133,777
258,133,777
259,133,771
260,133,768
261,133,774
262,133,770
263,133,763
264,133,768
265,133,772
266,133,769
267,133,768
268,133,784
269,133,771
270,133,773
271,133,760
272,133,776
273,133,761
274,133,763
275,133,770
276,133,766
277,133,778
278,133,754
279,133,775
280,133,755
281,133,770
282,133,783
283,133,765
284,133,771
285,133,749
286,133,778
287,133,772
288,133,772
289,133,775
290,133,762
291,133,768
292,133,769
293,133,774
294,133,770
295,133,765
296,133,770
297,133,770
298,133,770
299,133,773
300,133,776
301,133,764
302,133,765
303,133,763
304,133,775
305,133,768
306,133,768
307,133,763
308,133,751
309,133,771
310,133,760
311,133,762
312,133,761
313,133,773
314,133,772
315,133,757
316,133,773
317,133,763
104,134,777
105,134,769
106,134,775
107,134,775
108,134,772
109,134,771
110,134,780
111,134,761
112,134,772
113,134,767
114,134,760
115,134,773
116,134,763
117,134,772
118,134,762
119,134,776
120,134,779
121,134,784
122,134,775
123,134,768
124,134,778
125,134,759
126,134,774
127,134,775
128,134,776
129,134,761
130,134,771
131,134,771
132,134,762
133,134,766
134,134,772
135,134,770
136,134,764
137,134,777
138,134,766
139,134,781
140,134,767
141,134,771
142,134,781
143,134,769
144,134,774
145,134,764
146,134,775
147,134,770
148,134,758
149,134,766
150,134,763
151,134,768
152,134,768
153,134,763
154,134,767
155,134,760
156,134,767
157,134,764
158,134,764
159,134,783
160,134,759
161,134,784
162,134,750
163,134,770
164,134,759
165,134,774
166,134,777
167,134,757
168,134,784
169,134,765
170,134,771
171,134,766
172,134,769
173,134,768
174,134,769
175,134,768
176,134,759
177,134,782
178,134,764
179,134,774
180,134,767
181,134,770
182,134,775
183,134,771
184,134,773
185,134,771
186,134,785
187,134,770
188,134,771
189,134,774
190,134,772
191,134,777
192,134,769
193,134,778
194,134,770
195,134,776
196,134,760
197,134,780
198,134,770
199,134,775
200,134,771
201,134,766
202,134,774
203,134,765
204,134,781
205,134,775
206,134,766
207,134,767
208,134,766
209,134,781
210,134,763
211,134,770
212,134,771
213,134,764
214,134,759
215,134,766
216,134,767
217,134,765
218,134,768
219,134,773
220,134,770
221,134,772
222,134,759
223,134,774
224,134,763
225,134,770
226,134,763
227,134,770
228,134,772
229,134,782
230,134,767
231,134,767
232,134,771
233,134,771
234,134,778
235,134,762
236,134,774
237,134,764
238,134,774
239,134,771
240,134,757
241,134,774
242,134,761
243,134,766
244,134,765
245,134,770
246,134,775
247,134,762
248,134,765
249,134,763
250,134,761
251,134,766
252,134,767
253,134,763
254,134,778
255,134,769
256,134,774
257,134,774
258,134,767
259,134,777
260,134,757
261,134,777
262,134,767
263,134,760
264,134,763
265,134,753
266,134,773
267,134,767
268,134,770
269,134,772
270,134,775
271,134,772
272,134,767
273,134,767
274,134,770
275,134,774
276,134,770
277,134,778
278,134,769
279,134,776
280,134,773
281,134,763
282,134,773
283,134,764
284,134,770
285,134,761
286,134,764
287,134,773
288,134,768
289,134,779
290,134,768
291,134,766
292,134,760
293,134,767
294,134,769
295,134,764
296,134,776
297,134,757
298,134,777
299,134,761
300,134,763
301,134,774
302,134,763
303,134,774
304,134,749
305,134,772
306,134,759
307,134,760
308,134,781
309,134,754
310,134,766
311,134,757
312,134,772
313,134,760
314,134,769
315,134,764
316,134,761
317,134,764
318,134,768
104,135,758
105,135,785
106,135,763
107,135,768
108,135,768
109,135,770
110,135,766
111,135,779
112,135,772
113,135,768
114,135,767
115,135,765
116,135,766
117,135,775
118,135,772
119,135,770
120,135,765
121,135,766
122,135,757
123,135,771
124,135,753
125,135,771
126,135,760
127,135,762
128,135,770
129,135,762
130,135,774
131,135,751
132,135,777
133,135,762
134,135,767
135,135,760
136,135,769
137,135,770
138,135,764
139,135,776
140,135,765
141,135,778
142,135,761
143,135,777
144,135,771
145,135,772
146,135,764
147,135,762
148,135,771
149,135,770
150,135,771
151,135,769
152,135,791
153,135,773
154,135,764
155,135,759
156,135,759
157,135,763
158,135,774
159,135,770
160,135,764
161,135,765
162,135,757
163,135,766
164,135,749
165,135,764
166,135,755
167,135,765
168,135,764
169,135,757
170,135,778
171,135,754
172,135,772
173,135,767
174,135,768
175,135,767
176,135,758
177,135,774
178,135,758
179,135,775
180,135,758
181,135,763
182,135,767
183,135,770
184,135,774
185,135,759
186,135,773
187,135,765
188,135,765
189,135,759
190,135,760
191,135,768
192,135,760
193,135,771
194,135,772
195,135,774
196,135,764
197,135,757
198,135,769
199,135,779
200,135,772
201,135,766
202,135,771
203,135,760
204,135,768
205,135,761
206,135,764
207,135,774
208,135,761
209,135,778
210,135,761
211,135,766
212,135,773
213,135,766
214,135,772
215,135,760
216,135,784
217,135,756
218,135,769
219,135,758
220,135,755
221,135,767
222,135,753
223,135,768
224,135,761
225,135,770
226,135,773
227,135,764
228,135,778
229,135,765
230,135,770
231,135,765
232,135,763
233,135,772
234,135,771
235,135,773
236,135,764
237,135,767
238,135,764
239,135,770
240,135,769
241,135,772
242,135,774
243,135,773
244,135,775
245,135,774
246,135,765
247,135,758
248,135,768
249,135,766
250,135,763
251,135,769
252,135,756
253,135,774
254,135,763
255,135,769
256,135,766
257,135,751
258,135,776
259,135,744
260,135,767
261,135,769
262,135,764
263,135,778
264,135,771
265,135,773
266,135,760
267,135,769
268,135,765
269,135,762
270,135,767
271,135,755
272,135,770
273,135,769
274,135,767
275,135,768
276,135,770
277,135,770
278,135,767
279,135,763
280,135,757
281,135,770
282,135,760
283,135,765
284,135,758
285,135,758
286,135,773
287,135,762
288,135,764
289,135,755
290,135,775
291,135,776
292,135,764
293,135,775
294,135,763
295,135,771
296,135,755
297,135,769
298,135,775
299,135,767
300,135,769
301,135,761
302,135,771
303,135,763
304,135,774
305,135,768
306,135,766
307,135,774
308,135,767
309,135,773
310,135,778
311,135,764
312,135,766
313,135,766
314,135,769
315,135,762
316,135,762
317,135,766
318,135,758
319,135,772
103,136,762
104,136,761
105,136,767
106,136,768
107,136,767
108,136,770
109,136,774
110,136,771
111,136,772
112,136,755
113,136,778
114,136,762
115,136,774
116,136,762
117,136,765
118,136,763
119,136,762
120,136,779
121,136,766
122,136,778
123,136,768
124,136,774
125,136,769
126,136,766
127,136,779
128,136,766
129,136,765
130,136,766
131,136,756
132,136,772
133,136,770
134,136,779
135,136,762
136,136,773
137,136,768
138,136,771
139,136,770
140,136,766
141,136,779
142,136,768
143,136,766
144,136,762
145,136,763
146,136,770
147,136,761
148,136,776
149,136,768
150,136,772
151,136,772
152,136,760
153,136,776
154,136,775
155,136,761
156,136,767
157,136,779
158,136,765
159,136,772
160,136,772
161,136,761
162,136,768
163,136,765
164,136,765
165,136,765
166,136,777
167,136,766
168,136,761
169,136,765
170,136,766
171,136,762
172,136,772
173,136,771
174,136,775
175,136,771
176,136,765
177,136,770
178,136,758
179,136,766
180,136,767
181,136,775
182,136,757
183,136,758
184,136,761
185,136,768
186,136,778
187,136,760
188,136,768
189,136,768
190,136,760
191,136,775
192,136,766
193,136,781
194,136,770
195,136,772
196,136,768
197,136,759
198,136,762
199,136,765
200,136,771
201,136,764
202,136,765
203,136,770
204,136,773
205,136,776
206,136,778
207,136,778
208,136,766
209,136,776
210,136,769
211,136,767
212,136,770
213,136,758
214,136,771
215,136,776
216,136,779
217,136,775
218,136,769
219,136,778
220,136,777
221,136,783
222,136,785
223,136,776
224,136,761
225,136,770
226,136,764
227,136,768
228,136,773
229,136,764
230,136,768
231,136,763
232,136,766
233,136,775
234,136,773
235,136,777
236,136,767
237,136,779
238,136,760
239,136,761
240,136,773
241,136,763
242,136,778
243,136,775
244,136,769
245,136,774
246,136,767
247,136,768
248,136,776
249,136,767
250,136,772
251,136,773
252,136,766
253,136,773
254,136,775
255,136,779
256,136,761
257,136,763
258,136,772
259,136,765
260,136,780
261,136,763
262,136,780
263,136,778
264,136,768
265,136,768
266,136,766
267,136,769
268,136,768
269,136,769
270,136,778
271,136,768
272,136,778
273,136,759
274,136,767
275,136,764
276,136,759
277,136,777
278,136,758
279,136,782
280,136,771
281,136,766
282,136,755
283,136,766
284,136,775
285,136,768
286,136,772
287,136,765
288,136,762
289,136,773
290,136,772
291,136,775
292,136,772
293,136,769
294,136,761
295,136,766
296,136,758
297,136,772
298,136,757
299,136,762
300,136,780
301,136,756
302,136,772
303,136,756
304,136,770
305,136,765
306,136,768
307,136,767
308,136,764
309,136,773
310,136,756
311,136,777
312,136,770
313,136,770
314,136,776
315,136,759
316,136,784
317,136,759
318,136,766
319,136,773
320,136,763
321,136,774
103,137,761
104,137,776
105,137,756
106,137,775
107,137,763
108,137,772
109,137,766
110,137,771
111,137,765
112,137,764
113,137,773
114,137,758
115,137,764
116,137,757
117,137,778
118,137,754
119,137,768
120,137,778
121,137,773
122,137,762
123,137,770
124,137,769
125,137,755
126,137,769
127,137,768
128,137,763
129,137,773
130,137,761
131,137,757
132,137,756
133,137,764
134,137,767
135,137,757
136,137,776
137,137,763
138,137,779
139,137,757
140,137,764
141,137,758
142,137,764
143,137,764
144,137,766
145,137,767
146,137,758
147,137,776
148,137,761
149,137,762
150,137,773
151,137,764
152,137,760
153,137,761
154,137,761
155,137,761
156,137,756
157,137,760
158,137,769
159,137,761
160,137,771
161,137,776
162,137,762
163,137,775
164,137,764
165,137,766
166,137,769
167,137,764
168,137,765
169,137,770
170,137,773
171,137,775
172,137,760
173,137,771
174,137,765
175,137,756
176,137,778
177,137,764
178,137,772
179,137,763
180,137,758
181,137,779
182,137,765
183,137,779
184,137,770
185,137,762
186,137,766
187,137,752
188,137,776
189,137,763
190,137,775
191,137,766
192,137,762
193,137,776
194,137,767
195,137,766
196,137,769
197,137,768
198,137,771
199,137,761
200,137,770
201,137,764
202,137,765
203,137,773
204,137,766
205,137,763
206,137,764
207,137,768
208,137,766
209,137,763
210,137,769
211,137,769
212,137,760
213,137,776
214,137,759
215,137,771
216,137,772
217,137,764
218,137,766
219,137,774
220,137,774
221,137,770
222,137,771
223,137,769
224,137,771
225,137,762
226,137,763
227,137,773
228,137,751
229,137,765
230,137,766
231,137,757
232,137,776
233,137,759
234,137,763
235,137,762
236,137,759
237,137,779
238,137,766
239,137,777
240,137,777
241,137,760
242,137,765
243,137,761
244,137,768
245,137,771
246,137,766
247,137,764
248,137,767
249,137,760
250,137,764
251,137,763
252,137,765
253,137,759
254,137,761
255,137,769
256,137,763
257,137,769
258,137,759
259,137,760
260,137,765
261,137,758
262,137,764
263,137,764
264,137,757
265,137,764
266,137,758
267,137,767
268,137,773
269,137,766
270,137,772
271,137,765
272,137,766
273,137,761
274,137,763
275,137,772
276,137,766
277,137,761
278,137,766
279,137,771
280,137,769
281,137,776
282,137,765
283,137,772
284,137,774
285,137,762
286,137,760
287,137,761
288,137,770
289,137,772
290,137,760
291,137,776
292,137,770
293,137,759
294,137,771
295,137,764
296,137,762
297,137,774
298,137,757
299,137,766
300,137,768
301,137,769
302,137,766
303,137,771
304,137,776
305,137,762
306,137,773
307,137,768
308,137,764
309,137,770
310,137,766
311,137,773
312,137,760
313,137,761
314,137,772
315,137,757
316,137,774
317,137,760
318,137,762
319,137,771
320,137,759
321,137,773
322,137,762
102,138,775
103,138,773
104,138,773
105,138,771
106,138,773
107,138,767
108,138,789
109,138,760
110,138,776
111,138,758
112,138,776
113,138,768
114,138,760
115,138,775
116,138,757
117,138,779
118,138,753
119,138,784
120,138,764
121,138,771
122,138,765
123,138,770
124,138,771
125,138,764
126,138,771
127,138,759
128,138,764
129,138,757
130,138,763
131,138,761
132,138,769
133,138,758
134,138,759
135,138,769
136,138,766
137,138,760
138,138,769
139,138,773
140,138,769
141,138,773
142,138,777
143,138,766
144,138,767
145,138,777
146,138,763
147,138,773
148,138,768
149,138,774
150,138,772
151,138,768
152,138,767
153,138,772
154,138,776
155,138,773
156,138,782
157,138,760
158,138,771
159,138,772
160,138,759
161,138,763
162,138,768
163,138,772
164,138,754
165,138,767
166,138,762
167,138,763
168,138,767
169,138,749
170,138,760
171,138,775
172,138,756
173,138,765
174,138,775
175,138,765
176,138,760
177,138,767
178,138,768
179,138,766
180,138,769
181,138,761
182,138,773
183,138,765
184,138,768
185,138,776
186,138,770
187,138,768
188,138,769
189,138,767
190,138,772
191,138,766
192,138,765
193,138,772
194,138,764
195,138,779
196,138,763
197,138,767
198,138,771
199,138,778
200,138,774
201,138,765
202,138,763
203,138,770
204,138,775
205,138,781
206,138,764
207,138,766
208,138,766
209,138,771
210,138,759
211,138,768
212,138,766
213,138,765
214,138,767
215,138,761
216,138,771
217,138,761
218,138,766
219,138,766
220,138,757
221,138,771
222,138,770
223,138,761
224,138,763
225,138,759
226,138,754
227,138,773
228,138,750
229,138,772
230,138,760
231,138,765
232,138,769
233,138,767
234,138,771
235,138,773
236,138,767
237,138,777
238,138,759
239,138,776
240,138,759
241,138,771
242,138,771
243,138,767
244,138,778
245,138,775
246,138,783
247,138,773
248,138,772
249,138,762
250,138,764
251,138,762
252,138,768
253,138,772
254,138,768
255,138,769
256,138,766
257,138,775
258,138,768
259,138,766
260,138,767
261,138,764
262,138,769
263,138,768
264,138,770
265,138,773
266,138,762
267,138,771
268,138,775
269,138,780
270,138,775
271,138,764
272,138,774
273,138,758
274,138,773
275,138,759
276,138,777
277,138,762
278,138,774
279,138,773
280,138,765
281,138,767
282,138,758
283,138,779
284,138,767
285,138,772
286,138,782
287,138,757
288,138,777
289,138,777
290,138,773
291,138,774
292,138,770
293,138,776
294,138,777
295,138,775
296,138,781
297,138,775
298,138,761
299,138,773
300,138,776
301,138,768
302,138,770
303,138,765
304,138,768
305,138,766
306,138,798
307,138,754
308,138,772
309,138,769
310,138,761
311,138,771
312,138,762
313,138,764
314,138,765
315,138,769
316,138,780
317,138,757
318,138,778
319,138,757
320,138,767
321,138,773
322,138,778
323,138,772
101,139,779
102,139,757
103,139,774
104,139,765
105,139,767
106,139,775
107,139,767
108,139,779
109,139,754
110,139,768
111,139,753
112,139,773
113,139,757
114,139,777
115,139,777
116,139,774
117,139,764
118,139,769
119,139,766
120,139,764
121,139,771
122,139,755
123,139,775
124,139,776
125,139,774
126,139,776
127,139,769
128,139,779
129,139,757
130,139,760
131,139,761
132,139,778
133,139,761
134,139,760
135,139,769
136,139,771
137,139,753
138,139,775
139,139,772
140,139,763
141,139,773
142,139,760
143,139,763
144,139,769
145,139,753
146,139,769
147,139,762
148,139,765
149,139,770
150,139,757
151,139,764
152,139,768
153,139,763
154,139,769
155,139,762
156,139,772
157,139,762
158,139,775
159,139,758
160,139,764
161,139,771
162,139,756
163,139,780
164,139,766
165,139,773
166,139,767
167,139,769
168,139,783
169,139,755
170,139,781
171,139,767
172,139,778
173,139,781
174,139,775
175,139,774
176,139,763
177,139,775
178,139,779
179,139,772
180,139,773
181,139,768
182,139,775
183,139,781
184,139,763
185,139,775
186,139,763
187,139,773
188,139,773
189,139,760
190,139,777
191,139,763
192,139,775
193,139,761
194,139,758
195,139,766
196,139,766
197,139,786
198,139,775
199,139,787
200,139,761
201,139,769
202,139,773
203,139,766
204,139,774
205,139,770
206,139,780
207,139,767
208,139,765
209,139,774
210,139,758
211,139,781
212,139,771
213,139,767
214,139,772
215,139,763
216,139,776
217,139,764
218,139,767
219,139,779
220,139,771
221,139,771
222,139,765
223,139,767
224,139,773
225,139,772
226,139,780
227,139,779
228,139,764
229,139,778
230,139,761
231,139,778
232,139,772
233,139,771
234,139,776
235,139,763
236,139,762
237,139,770
238,139,766
239,139,772
240,139,764
241,139,770
242,139,767
243,139,766
244,139,770
245,139,768
246,139,775
247,139,772
248,139,767
249,139,767
250,139,769
251,139,771
252,139,762
253,139,776
254,139,774
255,139,772
256,139,774
257,139,779
258,139,782
259,139,766
260,139,777
261,139,781
262,139,763
263,139,775
264,139,762
265,139,780
266,139,774
267,139,764
268,139,763
269,139,761
270,139,768
271,139,775
272,139,773
273,139,781
274,139,768
275,139,773
276,139,775
277,139,768
278,139,775
279,139,770
280,139,770
281,139,772
282,139,764
283,139,768
284,139,782
285,139,766
286,139,785
287,139,765
288,139,776
289,139,764
290,139,761
291,139,774
292,139,756
293,139,765
294,139,754
295,139,778
296,139,772
297,139,762
298,139,775
299,139,774
300,139,766
301,139,764
302,139,772
303,139,777
304,139,772
305,139,766
306,139,764
307,139,776
308,139,776
309,139,778
310,139,775
311,139,779
312,139,771
313,139,769
314,139,774
315,139,769
316,139,770
317,139,762
318,139,770
319,139,777
320,139,768
321,139,761
322,139,771
323,139,775
324,139,759
101,140,763
102,140,776
103,140,768
104,140,778
105,140,779
106,140,778
107,140,770
108,140,773
109,140,770
110,140,791
111,140,768
112,140,786
113,140,765
114,140,778
115,140,765
116,140,769
117,140,768
118,140,769
119,140,789
120,140,770
121,140,779
122,140,763
123,140,777
124,140,762
125,140,774
126,140,758
127,140,780
128,140,762
129,140,778
130,140,769
131,140,773
132,140,774
133,140,767
134,140,790
135,140,754
136,140,773
137,140,761
138,140,785
139,140,764
140,140,771
141,140,777
142,140,777
143,140,773
144,140,774
145,140,773
146,140,784
147,140,768
148,140,763
149,140,770
150,140,770
151,140,782
152,140,765
153,140,785
154,140,762
155,140,776
156,140,768
157,140,767
158,140,781
159,140,752
160,140,778
161,140,778
162,140,776
163,140,764
164,140,766
165,140,770
166,140,764
167,140,777
168,140,765
169,140,782
170,140,774
171,140,777
172,140,764
173,140,774
174,140,767
175,140,770
176,140,764
177,140,776
178,140,765
179,140,767
180,140,770
181,140,769
182,140,771
183,140,765
184,140,772
185,140,762
186,140,766
187,140,774
188,140,765
189,140,769
190,140,768
191,140,759
192,140,769
193,140,775
194,140,774
195,140,771
196,140,776
197,140,759
198,140,771
199,140,767
200,140,760
201,140,771
202,140,766
203,140,769
204,140,769
205,140,778
206,140,779
207,140,754
208,140,771
209,140,780
210,140,764
211,140,781
212,140,762
213,140,771
214,140,771
215,140,761
216,140,769
217,140,754
218,140,775
219,140,764
220,140,765
221,140,765
222,140,763
223,140,773
224,140,758
225,140,770
226,140,773
227,140,771
228,140,778
229,140,770
230,140,775
231,140,776
232,140,769
233,140,769
234,140,775
235,140,765
236,140,771
237,140,770
238,140,771
239,140,779
240,140,763
241,140,774
242,140,774
243,140,782
244,140,775
245,140,765
246,140,775
247,140,753
248,140,776
249,140,755
250,140,778
251,140,769
252,140,768
253,140,771
254,140,757
255,140,783
256,140,760
257,140,777
258,140,778
259,140,765
260,140,770
261,140,766
262,140,770
263,140,757
264,140,773
265,140,772
266,140,771
267,140,774
268,140,770
269,140,776
270,140,774
271,140,772
272,140,780
273,140,778
274,140,767
275,140,775
276,140,772
277,140,766
278,140,784
279,140,775
280,140,772
281,140,761
282,140,767
283,140,785
284,140,757
285,140,788
286,140,769
287,140,761
288,140,779
289,140,763
290,140,781
291,140,755
292,140,770
293,140,770
294,140,763
295,140,768
296,140,761
297,140,772
298,140,768
299,140,771
300,140,768
301,140,764
302,140,762
303,140,771
304,140,765
305,140,773
306,140,764
307,140,760
308,140,766
309,140,755
310,140,779
311,140,763
312,140,773
313,140,761
314,140,761
315,140,774
316,140,768
317,140,774
318,140,771
319,140,777
320,140,767
321,140,772
322,140,773
323,140,775
324,140,772
325,140,756
100,141,774
101,141,764
102,141,764
103,141,768
104,141,778
105,141,775
106,141,763
107,141,775
108,141,761
109,141,774
110,141,767
111,141,779
112,141,768
113,141,777
114,141,760
115,141,777
116,141,756
117,141,766
118,141,756
119,141,769
120,141,772
121,141,760
122,141,766
123,141,759
124,141,773
125,141,772
126,141,776
127,141,762
128,141,762
129,141,757
130,141,780
131,141,749
132,141,771
133,141,760
134,141,764
135,141,762
136,141,781
137,141,759
138,141,768
139,141,769
140,141,766
141,141,768
142,141,765
143,141,778
144,141,747
145,141,782
146,141,755
147,141,767
148,141,763
149,141,763
150,141,776
151,141,752
152,141,779
153,141,758
154,141,777
155,141,763
156,141,775
157,141,764
158,141,757
159,141,763
160,141,771
161,141,767
162,141,764
163,141,766
164,141,761
165,141,776
166,141,753
167,141,779
168,141,766
169,141,779
170,141,757
171,141,763
172,141,771
173,141,755
174,141,785
175,141,754
176,141,777
177,141,763
178,141,772
179,141,772
180,141,766
181,141,775
182,141,758
183,141,783
184,141,758
185,141,768
186,141,755
187,141,762
188,141,783
189,141,754
190,141,778
191,141,752
192,141,755
193,141,756
194,141,750
195,141,775
196,141,767
197,141,757
198,141,762
199,141,767
200,141,756
201,141,780
202,141,759
203,141,773
204,141,763
205,141,768
206,141,777
207,141,760
208,141,775
209,141,761
210,141,773
211,141,772
212,141,753
213,141,781
214,141,751
215,141,788
216,141,760
217,141,769
218,141,776
219,141,758
220,141,775
221,141,767
222,141,764
223,141,771
224,141,769
225,141,767
226,141,772
227,141,771
228,141,764
229,141,770
230,141,763
231,141,759
232,141,759
233,141,769
234,141,766
235,141,760
236,141,759
237,141,770
238,141,772
239,141,767
240,141,766
241,141,760
242,141,767
243,141,764
244,141,766
245,141,780
246,141,760
247,141,767
248,141,765
249,141,758
250,141,766
251,141,757
252,141,778
253,141,766
254,141,775
255,141,769
256,141,765
257,141,761
258,141,775
259,141,755
260,141,785
261,141,751
262,141,771
263,141,766
264,141,762
265,141,773
266,141,755
267,141,774
268,141,759
269,141,761
270,141,776
271,141,759
272,141,778
273,141,755
274,141,763
275,141,764
276,141,761
277,141,771
278,141,753
279,141,774
280,141,766
281,141,765
282,141,770
283,141,760
284,141,763
285,141,774
286,141,764
287,141,758
288,141,763
289,141,754
290,141,770
291,141,769
292,141,768
293,141,771
294,141,764
295,141,771
296,141,760
297,141,779
298,141,763
299,141,768
300,141,768
301,141,768
302,141,781
303,141,756
304,141,782
305,141,749
306,141,772
307,141,772
308,141,766
309,141,768
310,141,765
311,141,784
312,141,757
313,141,775
314,141,762
315,141,774
316,141,764
317,141,764
318,141,767
319,141,762
320,141,773
321,141,759
322,141,776
323,141,753
324,141,767
325,141,761
326,141,760
100,142,771
101,142,766
102,142,772
103,142,763
104,142,779
105,142,764
106,142,775
107,142,756
108,142,778
109,142,766
110,142,777
111,142,757
112,142,795
113,142,775
114,142,781
115,142,769
116,142,778
117,142,768
118,142,779
119,142,762
120,142,762
121,142,775
122,142,771
123,142,761
124,142,779
125,142,779
126,142,774
127,142,774
128,142,761
129,142,781
130,142,756
131,142,772
132,142,750
133,142,786
134,142,769
135,142,787
136,142,759
137,142,767
138,142,783
139,142,765
140,142,784
141,142,759
142,142,757
143,142,763
144,142,769
145,142,760
146,142,762
147,142,771
148,142,765
149,142,758
150,142,773
151,142,767
152,142,771
153,142,767
154,142,771
155,142,770
156,142,767
157,142,769
158,142,755
159,142,779
160,142,755
161,142,759
162,142,765
163,142,770
164,142,781
165,142,764
166,142,769
167,142,762
168,142,775
169,142,773
170,142,765
171,142,766
172,142,776
173,142,772
174,142,754
175,142,768
176,142,771
177,142,774
178,142,765
179,142,763
180,142,769
181,142,770
182,142,770
183,142,769
184,142,773
185,142,763
186,142,777
187,142,758
188,142,776
189,142,747
190,142,777
191,142,766
192,142,766
193,142,774
194,142,755
195,142,784
196,142,754
197,142,769
198,142,761
199,142,766
200,142,774
201,142,766
202,142,786
203,142,765
204,142,775
205,142,777
206,142,763
207,142,765
208,142,765
209,142,770
210,142,761
211,142,769
212,142,768
213,142,777
214,142,763
215,142,781
216,142,763
217,142,753
218,142,775
219,142,762
220,142,782
221,142,755
222,142,773
223,142,762
224,142,762
225,142,778
226,142,756
227,142,787
228,142,748
229,142,768
230,142,772
231,142,754
232,142,774
233,142,753
234,142,775
235,142,762
236,142,769
237,142,768
238,142,750
239,142,779
240,142,754
241,142,779
242,142,756
243,142,775
244,142,773
245,142,756
246,142,770
247,142,754
248,142,780
249,142,763
250,142,771
251,142,766
252,142,760
253,142,774
254,142,770
255,142,772
256,142,761
257,142,772
258,142,757
259,142,769
260,142,768
261,142,767
262,142,780
263,142,757
264,142,786
265,142,760
266,142,770
267,142,784
268,142,762
269,142,793
270,142,760
271,142,780
272,142,776
273,142,762
274,142,776
275,142,770
276,142,783
277,142,770
278,142,760
279,142,769
280,142,761
281,142,759
282,142,766
283,142,772
284,142,769
285,142,764
286,142,760
287,142,768
288,142,762
289,142,772
290,142,764
291,142,760
292,142,775
293,142,764
294,142,768
295,142,777
296,142,782
297,142,765
298,142,778
299,142,768
300,142,757
301,142,769
302,142,767
303,142,768
304,142,769
305,142,769
306,142,776
307,142,767
308,142,767
309,142,776
310,142,769
311,142,771
312,142,768
313,142,775
314,142,777
315,142,763
316,142,774
317,142,759
318,142,783
319,142,762
320,142,768
321,142,774
322,142,762
323,142,778
324,142,761
325,142,781
326,142,762
327,142,761
99,143,780
100,143,764
101,143,766
102,143,763
103,143,768
104,143,767
105,143,765
106,143,770
107,143,767
108,143,765
109,143,768
110,143,771
111,143,761
112,143,773
113,143,769
114,143,772
115,143,771
116,143,762
117,143,763
118,143,752
119,143,767
120,143,752
121,143,758
122,143,754
123,143,778
124,143,742
125,143,772
126,143,761
127,143,753
128,143,765
129,143,766
130,143,775
131,143,758
132,143,765
133,143,759
134,143,765
135,143,771
136,143,774
137,143,768
138,143,762
139,143,765
140,143,779
141,143,753
142,143,777
143,143,760
144,143,777
145,143,774
146,143,759
147,143,780
148,143,755
149,143,776
150,143,760
151,143,780
152,143,761
153,143,781
154,143,768
155,143,763
156,143,768
157,143,754
158,143,781
159,143,746
160,143,765
161,143,756
162,143,767
163,143,767
164,143,758
165,143,768
166,143,761
167,143,764
168,143,763
169,143,780
170,143,760
171,143,766
172,143,756
173,143,775
174,143,765
175,143,763
176,143,774
177,143,765
178,143,775
179,143,753
180,143,781
181,143,755
182,143,779
183,143,763
184,143,768
185,143,771
186,143,754
187,143,786
188,143,751
189,143,778
190,143,761
191,143,768
192,143,784
193,143,762
194,143,778
195,143,754
196,143,761
197,143,759
198,143,763
199,143,772
200,143,764
201,143,768
202,143,764
203,143,763
204,143,760
205,143,774
206,143,746
207,143,761
208,143,759
209,143,764
210,143,774
211,143,760
212,143,768
213,143,750
214,143,769
215,143,756
216,143,759
217,143,764
218,143,745
219,143,779
220,143,760
221,143,773
222,143,760
223,143,770
224,143,775
225,143,764
226,143,775
227,143,760
228,143,781
229,143,769
230,143,758
231,143,770
232,143,763
233,143,770
234,143,765
235,143,767
236,143,769
237,143,773
238,143,758
239,143,783
240,143,762
241,143,767
242,143,777
243,143,757
244,143,776
245,143,755
246,143,779
247,143,757
248,143,768
249,143,770
250,143,759
251,143,781
252,143,746
253,143,768
254,143,774
255,143,767
256,143,777
257,143,755
258,143,757
259,143,762
260,143,765
261,143,763
262,143,757
263,143,757
264,143,771
265,143,759
266,143,768
267,143,770
268,143,766
269,143,775
270,143,762
271,143,769
272,143,764
273,143,765
274,143,781
275,143,749
276,143,780
277,143,748
278,143,772
279,143,775
280,143,760
281,143,773
282,143,751
283,143,777
284,143,760
285,143,772
286,143,772
287,143,752
288,143,772
289,143,755
290,143,772
291,143,761
292,143,770
293,143,757
294,143,764
295,143,761
296,143,761
297,143,770
298,143,760
299,143,773
300,143,763
301,143,767
302,143,759
303,143,776
304,143,765
305,143,750
306,143,775
307,143,752
308,143,776
309,143,755
310,143,773
311,143,773
312,143,759
313,143,774
314,143,750
315,143,779
316,143,753
317,143,776
318,143,764
319,143,758
320,143,772
321,143,760
322,143,775
323,143,746
324,143,768
325,143,761
326,143,756
327,143,764
328,143,765
99,144,765
100,144,761
101,144,777
102,144,764
103,144,776
104,144,763
105,144,772
106,144,759
107,144,767
108,144,756
109,144,768
110,144,774
111,144,765
112,144,777
113,144,764
114,144,778
115,144,763
116,144,778
117,144,749
118,144,771
119,144,762
120,144,769
121,144,764
122,144,759
123,144,763
124,144,767
125,144,759
126,144,759
127,144,765
128,144,766
129,144,757
130,144,759
131,144,760
132,144,768
133,144,766
134,144,758
135,144,774
136,144,754
137,144,774
138,144,757
139,144,777
140,144,758
141,144,778
142,144,759
143,144,759
144,144,767
145,144,753
146,144,775
147,144,764
148,144,774
149,144,769
150,144,767
151,144,761
152,144,764
153,144,767
154,144,764
155,144,775
156,144,773
157,144,761
158,144,773
159,144,769
160,144,769
161,144,765
162,144,764
163,144,771
164,144,755
165,144,769
166,144,749
167,144,769
168,144,755
169,144,762
170,144,781
171,144,755
172,144,774
173,144,757
174,144,783
175,144,763
176,144,766
177,144,764
178,144,754
179,144,770
180,144,757
181,144,772
182,144,764
183,144,775
184,144,761
185,144,787
186,144,765
187,144,769
188,144,764
189,144,770
190,144,783
191,144,770
192,144,786
193,144,765
194,144,788
195,144,773
196,144,778
197,144,775
198,144,762
199,144,790
200,144,749
201,144,785
202,144,767
203,144,777
204,144,780
205,144,747
206,144,772
207,144,751
208,144,778
209,144,755
210,144,759
211,144,772
212,144,763
213,144,773
214,144,766
215,144,787
216,144,760
217,144,769
218,144,769
219,144,775
220,144,766
221,144,753
222,144,776
223,144,753
224,144,782
225,144,754
226,144,766
227,144,775
228,144,768
229,144,783
230,144,757
231,144,783
232,144,761
233,144,769
234,144,766
235,144,759
236,144,776
237,144,753
238,144,777
239,144,751
240,144,774
241,144,766
242,144,758
243,144,777
244,144,762
245,144,780
246,144,765
247,144,769
248,144,766
249,144,766
250,144,775
251,144,767
252,144,771
253,144,768
254,144,771
255,144,762
256,144,763
257,144,767
258,144,763
259,144,773
260,144,760
261,144,782
262,144,765
263,144,765
264,144,771
265,144,759
266,144,778
267,144,764
268,144,784
269,144,769
270,144,768
271,144,785
272,144,763
273,144,774
274,144,759
275,144,777
276,144,773
277,144,777
278,144,768
279,144,764
280,144,774
281,144,764
282,144,768
283,144,762
284,144,771
285,144,766
286,144,767
287,144,775
288,144,760
289,144,775
290,144,769
291,144,771
292,144,760
293,144,771
294,144,765
295,144,776
296,144,762
297,144,763
298,144,780
299,144,764
300,144,777
301,144,766
302,144,768
303,144,764
304,144,772
305,144,780
306,144,757
307,144,777
308,144,753
309,144,771
310,144,772
311,144,763
312,144,761
313,144,766
314,144,758
315,144,769
316,144,761
317,144,765
318,144,774
319,144,759
320,144,779
321,144,759
322,144,776
323,144,768
324,144,764
325,144,782
326,144,756
327,144,777
328,144,756
99,145,761
100,145,773
101,145,751
102,145,780
103,145,766
104,145,794
105,145,773
106,145,772
107,145,767
108,145,765
109,145,758
110,145,774
111,145,758
112,145,775
113,145,767
114,145,765
115,145,758
116,145,767
117,145,756
118,145,777
119,145,765
120,145,767
121,145,768
122,145,773
123,145,774
124,145,763
125,145,776
126,145,763
127,145,789
128,145,755
129,145,780
130,145,764
131,145,774
132,145,765
133,145,763
134,145,767
135,145,761
136,145,766
137,145,758
138,145,770
139,145,750
140,145,776
141,145,757
142,145,775
143,145,759
144,145,777
145,145,756
146,145,771
147,145,762
148,145,763
149,145,761
150,145,757
151,145,774
152,145,762
153,145,775
154,145,766
155,145,777
156,145,761
157,145,766
158,145,759
159,145,773
160,145,764
161,145,753
162,145,781
163,145,768
164,145,771
165,145,769
166,145,762
167,145,775
168,145,773
169,145,774
170,145,752
171,145,766
172,145,756
173,145,773
174,145,782
175,145,767
176,145,768
177,145,764
178,145,769
179,145,769
180,145,773
181,145,752
182,145,778
183,145,746
184,145,770
185,145,764
186,145,768
187,145,768
188,145,766
189,145,769
190,145,747
191,145,773
192,145,759
193,145,768
194,145,777
195,145,763
196,145,771
197,145,754
198,145,773
199,145,774
200,145,774
201,145,776
202,145,771
203,145,770
204,145,768
205,145,765
206,145,772
207,145,777
208,145,779
209,145,772
210,145,767
211,145,768
212,145,769
213,145,770
214,145,767
215,145,772
216,145,777
217,145,754
218,145,771
219,145,756
220,145,767
221,145,765
222,145,769
223,145,777
224,145,760
225,145,775
226,145,758
227,145,765
228,145,761
229,145,764
230,145,769
231,145,768
232,145,771
233,145,759
234,145,781
235,145,766
236,145,770
237,145,762
238,145,762
239,145,760
240,145,774
241,145,774
242,145,756
243,145,778
244,145,753
245,145,766
246,145,770
247,145,761
248,145,788
249,145,760
250,145,765
251,145,759
252,145,761
253,145,777
254,145,762
255,145,780
256,145,757
257,145,771
258,145,771
259,145,759
260,145,768
261,145,758
262,145,768
263,145,756
264,145,766
265,145,764
266,145,765
267,145,760
268,145,761
269,145,775
270,145,757
271,145,772
272,145,764
273,145,757
274,145,764
275,145,762
276,145,776
277,145,752
278,145,776
279,145,743
280,145,778
281,145,770
282,145,758
283,145,774
284,145,761
285,145,786
286,145,749
287,145,782
288,145,766
289,145,767
290,145,779
291,145,754
292,145,774
293,145,747
294,145,778
295,145,757
296,145,774
297,145,752
298,145,764
299,145,777
300,145,755
301,145,775
302,145,758
303,145,767
304,145,762
305,145,767
306,145,770
307,145,772
308,145,768
309,145,762
310,145,781
311,145,767
312,145,773
313,145,762
314,145,776
315,145,775
316,145,751
317,145,778
318,145,752
319,145,782
320,145,762
321,145,777
322,145,767
323,145,757
324,145,778
325,145,767
326,145,771
327,145,765
328,145,773
329,145,763
98,146,762
99,146,783
100,146,766
101,146,777
102,146,783
103,146,790
104,146,779
105,146,793
106,146,783
107,146,779
108,146,766
109,146,767
110,146,758
111,146,784
112,146,761
113,146,774
114,146,753
115,146,765
116,146,770
117,146,762
118,146,770
119,146,768
120,146,773
121,146,761
122,146,778
123,146,763
124,146,775
125,146,758
126,146,780
127,146,765
128,146,770
129,146,765
130,146,767
131,146,772
132,146,775
133,146,773
134,146,766
135,146,766
136,146,758
137,146,758
138,146,764
139,146,767
140,146,766
141,146,770
142,146,763
143,146,771
144,146,763
145,146,771
146,146,763
147,146,768
148,146,776
149,146,768
150,146,778
151,146,761
152,146,782
153,146,776
154,146,772
155,146,773
156,146,765
157,146,771
158,146,766
159,146,778
160,146,771
161,146,768
162,146,770
163,146,775
164,146,772
165,146,769
166,146,776
167,146,774
168,146,776
169,146,766
170,146,774
171,146,779
172,146,776
173,146,764
174,146,763
175,146,762
176,146,770
177,146,763
178,146,770
179,146,764
180,146,764
181,146,779
182,146,766
183,146,772
184,146,773
185,146,780
186,146,784
187,146,767
188,146,785
189,146,772
190,146,780
191,146,775
192,146,772
193,146,772
194,146,774
195,146,771
196,146,773
197,146,768
198,146,771
199,146,774
200,146,764
201,146,780
202,146,753
203,146,772
204,146,763
205,146,773
206,146,777
207,146,763
208,146,780
209,146,764
210,146,774
211,146,758
212,146,768
213,146,764
214,146,766
215,146,774
216,146,773
217,146,777
218,146,766
219,146,768
220,146,758
221,146,763
222,146,769
223,146,764
224,146,775
225,146,759
226,146,767
227,146,768
228,146,755
229,146,770
230,146,756
231,146,766
232,146,767
233,146,774
234,146,766
235,146,778
236,146,780
237,146,766
238,146,767
239,146,754
240,146,777
241,146,754
242,146,767
243,146,765
244,146,773
245,146,785
246,146,762
247,146,778
248,146,765
249,146,774
250,146,775
251,146,763
252,146,772
253,146,768
254,146,772
255,146,778
256,146,769
257,146,770
258,146,775
259,146,769
260,146,771
261,146,774
262,146,770
263,146,779
264,146,771
265,146,771
266,146,773
267,146,772
268,146,776
269,146,760
270,146,785
271,146,773
272,146,774
273,146,774
274,146,772
275,146,760
276,146,765
277,146,776
278,146,753
279,146,780
280,146,769
281,146,764
282,146,779
283,146,765
284,146,779
285,146,766
286,146,772
287,146,766
288,146,762
289,146,761
290,146,765
291,146,772
292,146,771
293,146,764
294,146,771
295,146,772
296,146,766
297,146,776
298,146,759
299,146,760
300,146,756
301,146,761
302,146,776
303,146,758
304,146,786
305,146,761
306,146,784
307,146,770
308,146,770
309,146,772
310,146,749
311,146,771
312,146,761
313,146,764
314,146,764
315,146,760
316,146,769
317,146,762
318,146,769
319,146,765
320,146,771
321,146,774
322,146,759
323,146,766
324,146,766
325,146,757
326,146,766
327,146,768
328,146,768
329,146,781
330,146,762
98,147,754
99,147,770
100,147,774
101,147,773
102,147,782
103,147,801
104,147,798
105,147,786
106,147,771
107,147,765
108,147,775
109,147,765
110,147,779
111,147,768
112,147,780
113,147,766
114,147,763
115,147,775
116,147,775
117,147,774
118,147,769
119,147,761
120,147,762
121,147,756
122,147,772
123,147,756
124,147,783
125,147,760
126,147,759
127,147,759
128,147,766
129,147,772
130,147,757
131,147,775
132,147,763
133,147,777
134,147,766
135,147,765
136,147,769
137,147,768
138,147,762
139,147,762
140,147,770
141,147,755
142,147,771
143,147,762
144,147,777
145,147,767
146,147,767
147,147,762
148,147,774
149,147,768
150,147,760
151,147,770
152,147,763
153,147,767
154,147,765
155,147,769
156,147,768
157,147,772
158,147,755
159,147,764
160,147,763
161,147,771
162,147,762
163,147,763
164,147,781
165,147,755
166,147,773
167,147,747
168,147,771
169,147,754
170,147,768
171,147,774
172,147,763
173,147,779
174,147,750
175,147,780
176,147,773
177,147,766
178,147,781
179,147,766
180,147,764
181,147,754
182,147,773
183,147,772
184,147,775
185,147,755
186,147,776
187,147,764
188,147,760
189,147,766
190,147,764
191,147,763
192,147,755
193,147,775
194,147,768
195,147,768
196,147,770
197,147,757
198,147,772
199,147,755
200,147,775
201,147,765
202,147,768
203,147,767
204,147,775
205,147,776
206,147,764
207,147,780
208,147,763
209,147,769
210,147,772
211,147,760
212,147,775
213,147,755
214,147,766
215,147,767
216,147,767
217,147,766
218,147,776
219,147,773
220,147,761
221,147,768
222,147,769
223,147,770
224,147,773
225,147,763
226,147,765
227,147,770
228,147,765
229,147,762
230,147,772
231,147,759
232,147,768
233,147,770
234,147,779
235,147,770
236,147,775
237,147,771
238,147,759
239,147,765
240,147,763
241,147,764
242,147,776
243,147,762
244,147,772
245,147,760
246,147,765
247,147,779
248,147,767
249,147,777
250,147,773
251,147,765
252,147,775
253,147,755
254,147,782
255,147,773
256,147,765
257,147,778
258,147,761
259,147,773
260,147,763
261,147,762
262,147,770
263,147,750
264,147,772
265,147,753
266,147,780
267,147,756
268,147,761
269,147,760
270,147,751
271,147,770
272,147,754
273,147,773
274,147,756
275,147,765
276,147,769
277,147,770
278,147,769
279,147,756
280,147,750
281,147,757
282,147,759
283,147,756
284,147,765
285,147,760
286,147,757
287,147,762
288,147,765
289,147,775
290,147,754
291,147,772
292,147,751
293,147,760
294,147,775
295,147,751
296,147,780
297,147,757
298,147,779
299,147,769
300,147,751
301,147,780
302,147,757
303,147,774
304,147,764
305,147,767
306,147,765
307,147,765
308,147,768
309,147,767
310,147,767
311,147,774
312,147,779
313,147,770
314,147,780
315,147,759
316,147,777
317,147,767
318,147,766
319,147,783
320,147,753
321,147,787
322,147,752
323,147,781
324,147,764
325,147,764
326,147,767
327,147,766
328,147,772
329,147,763
330,147,779
331,147,765
98,148,761
99,148,762
100,148,757
101,148,780
102,148,780
103,148,799
104,148,792
105,148,795
106,148,792
107,148,770
108,148,765
109,148,766
110,148,769
111,148,764
112,148,770
113,148,765
114,148,785
115,148,764
116,148,765
117,148,780
118,148,761
119,148,777
120,148,769
121,148,774
122,148,759
123,148,760
124,148,764
125,148,767
126,148,779
127,148,763
128,148,773
129,148,764
130,148,776
131,148,763
132,148,781
133,148,767
134,148,772
135,148,766
136,148,775
137,148,772
138,148,769
139,148,768
140,148,770
141,148,774
142,148,782
143,148,766
144,148,767
145,148,754
146,148,763
147,148,772
148,148,766
149,148,767
150,148,758
151,148,769
152,148,761
153,148,774
154,148,764
155,148,764
156,148,762
157,148,768
158,148,778
159,148,759
160,148,759
161,148,768
162,148,769
163,148,766
164,148,764
165,148,767
166,148,763
167,148,754
168,148,774
169,148,763
170,148,764
171,148,764
172,148,759
173,148,775
174,148,753
175,148,774
176,148,764
177,148,764
178,148,763
179,148,752
180,148,780
181,148,762
182,148,775
183,148,766
184,148,777
185,148,761
186,148,764
187,148,764
188,148,769
189,148,772
190,148,762
191,148,760
192,148,767
193,148,772
194,148,782
195,148,771
196,148,763
197,148,758
198,148,770
199,148,758
200,148,769
201,148,765
202,148,770
203,148,779
204,148,769
205,148,763
206,148,758
207,148,775
208,148,764
209,148,778
210,148,770
211,148,759
212,148,772
213,148,764
214,148,781
215,148,756
216,148,781
217,148,777
218,148,760
219,148,784
220,148,760
221,148,781
222,148,767
223,148,760
224,148,770
225,148,761
226,148,784
227,148,763
228,148,771
229,148,771
230,148,776
231,148,768
232,148,772
233,148,767
234,148,766
235,148,764
236,148,771
237,148,769
238,148,764
239,148,768
240,148,763
241,148,755
242,148,778
243,148,767
244,148,764
245,148,762
246,148,765
247,148,771
248,148,763
249,148,768
250,148,755
251,148,761
252,148,756
253,148,772
254,148,770
255,148,757
256,148,764
257,148,763
258,148,771
259,148,772
260,148,777
261,148,769
262,148,763
263,148,765
264,148,769
265,148,757
266,148,758
267,148,766
268,148,772
269,148,767
270,148,761
271,148,774
272,148,763
273,148,770
274,148,772
275,148,768
276,148,769
277,148,760
278,148,770
279,148,764
280,148,768
281,148,766
282,148,762
283,148,768
284,148,770
285,148,768
286,148,769
287,148,768
288,148,771
289,148,771
290,148,759
291,148,770
292,148,755
293,148,759
294,148,764
295,148,763
296,148,770
297,148,756
298,148,764
299,148,767
300,148,756
301,148,763
302,148,755
303,148,776
304,148,760
305,148,761
306,148,757
307,148,754
308,148,764
309,148,751
310,148,768
311,148,755
312,148,758
313,148,768
314,148,755
315,148,767
316,148,763
317,148,772
318,148,768
319,148,762
320,148,767
321,148,768
322,148,766
323,148,764
324,148,768
325,148,768
326,148,767
327,148,759
328,148,765
329,148,758
330,148,769
331,148,767
97,149,777
98,149,768
99,149,777
100,149,769
101,149,778
102,149,776
103,149,800
104,149,798
105,149,804
106,149,785
107,149,792
108,149,781
109,149,803
110,149,791
111,149,777
112,149,776
113,149,763
114,149,766
115,149,763
116,149,768
117,149,777
118,149,769
119,149,774
120,149,765
121,149,764
122,149,771
123,149,766
124,149,763
125,149,761
126,149,765
127,149,767
128,149,762
129,149,768
130,149,774
131,149,768
132,149,784
133,149,763
134,149,767
135,149,762
136,149,760
137,149,778
138,149,770
139,149,777
140,149,767
141,149,776
142,149,765
143,149,771
144,149,765
145,149,780
146,149,774
147,149,768
148,149,777
149,149,767
150,149,782
151,149,767
152,149,761
153,149,770
154,149,769
155,149,771
156,149,775
157,149,763
158,149,770
159,149,777
160,149,776
161,149,770
162,149,766
163,149,774
164,149,758
165,149,784
166,149,768
167,149,768
168,149,767
169,149,760
170,149,771
171,149,767
172,149,767
173,149,761
174,149,775
175,149,773
176,149,754
177,149,775
178,149,765
179,149,775
180,149,764
181,149,769
182,149,774
183,149,762
184,149,773
185,149,760
186,149,773
187,149,774
188,149,761
189,149,771
190,149,766
191,149,764
192,149,767
193,149,765
194,149,773
195,149,767
196,149,773
197,149,776
198,149,767
199,149,769
200,149,768
201,149,777
202,149,760
203,149,764
204,149,768
205,149,765
206,149,777
207,149,767
208,149,758
209,149,771
210,149,772
211,149,771
212,149,771
213,149,756
214,149,761
215,149,749
216,149,778
217,149,763
218,149,772
219,149,761
220,149,756
221,149,784
222,149,763
223,149,780
224,149,758
225,149,756
226,149,769
227,149,760
228,149,769
229,149,755
230,149,764
231,149,772
232,149,765
233,149,775
234,149,770
235,149,771
236,149,780
237,149,764
238,149,766
239,149,753
240,149,769
241,149,774
242,149,785
243,149,773
244,149,769
245,149,768
246,149,777
247,149,756
248,149,759
249,149,774
250,149,756
251,149,771
252,149,758
253,149,776
254,149,772
255,149,759
256,149,774
257,149,762
258,149,774
259,149,764
260,149,769
261,149,776
262,149,760
263,149,773
264,149,761
265,149,771
266,149,775
267,149,765
268,149,773
269,149,749
270,149,774
271,149,764
272,149,766
273,149,775
274,149,761
275,149,777
276,149,767
277,149,768
278,149,761
279,149,765
280,149,764
281,149,764
282,149,771
283,149,758
284,149,754
285,149,764
286,149,763
287,149,759
288,149,776
289,149,767
290,149,777
291,149,766
292,149,765
293,149,778
294,149,763
295,149,771
296,149,771
297,149,765
298,149,765
299,149,753
300,149,774
301,149,761
302,149,764
303,149,784
304,149,759
305,149,774
306,149,762
307,149,769
308,149,772
309,149,765
310,149,763
311,149,758
312,149,781
313,149,768
314,149,765
315,149,772
316,149,766
317,149,766
318,149,764
319,149,766
320,149,764
321,149,768
322,149,764
323,149,766
324,149,768
325,149,762
326,149,763
327,149,765
328,149,757
329,149,767
330,149,763
331,149,775
332,149,766
97,150,748
98,150,780
99,150,761
100,150,791
101,150,767
102,150,784
103,150,804
104,150,782
105,150,786
106,150,784
107,150,796
108,150,802
109,150,816
110,150,800
111,150,796
112,150,784
113,150,778
114,150,773
115,150,763
116,150,765
117,150,761
118,150,760
119,150,772
120,150,769
121,150,755
122,150,764
123,150,763
124,150,774
125,150,770
126,150,757
127,150,769
128,150,761
129,150,765
130,150,776
131,150,775
132,150,755
133,150,774
134,150,767
135,150,764
136,150,772
137,150,767
138,150,773
139,150,773
140,150,769
141,150,770
142,150,751
143,150,769
144,150,759
145,150,764
146,150,762
147,150,755
148,150,773
149,150,757
150,150,764
151,150,763
152,150,764
153,150,777
154,150,764
155,150,777
156,150,773
157,150,778
158,150,768
159,150,767
160,150,775
161,150,765
162,150,766
163,150,772
164,150,775
165,150,775
166,150,781
167,150,769
168,150,771
169,150,763
170,150,763
171,150,763
172,150,765
173,150,768
174,150,766
175,150,768
176,150,772
177,150,769
178,150,763
179,150,775
180,150,760
181,150,776
182,150,773
183,150,760
184,150,773
185,150,763
186,150,774
187,150,749
188,150,766
189,150,782
190,150,764
191,150,774
192,150,763
193,150,779
194,150,764
195,150,769
196,150,762
197,150,765
198,150,771
199,150,772
200,150,775
201,150,774
202,150,769
203,150,771
204,150,776
205,150,770
206,150,774
207,150,767
208,150,776
209,150,774
210,150,768
211,150,778
212,150,773
213,150,771
214,150,769
215,150,757
216,150,774
217,150,752
218,150,769
219,150,772
220,150,760
221,150,779
222,150,780
223,150,779
224,150,766
225,150,779
226,150,759
227,150,765
228,150,784
229,150,765
230,150,762
231,150,760
232,150,770
233,150,762
234,150,755
235,150,760
236,150,765
237,150,762
238,150,770
239,150,771
240,150,774
241,150,772
242,150,772
243,150,775
244,150,770
245,150,766
246,150,776
247,150,772
248,150,768
249,150,765
250,150,767
251,150,766
252,150,771
253,150,777
254,150,774
255,150,777
256,150,778
257,150,767
258,150,773
259,150,765
260,150,781
261,150,779
262,150,768
263,150,776
264,150,759
265,150,772
266,150,765
267,150,768
268,150,774
269,150,763
270,150,779
271,150,765
272,150,781
273,150,774
274,150,773
275,150,781
276,150,761
277,150,783
278,150,769
279,150,768
280,150,770
281,150,777
282,150,772
283,150,762
284,150,769
285,150,773
286,150,774
287,150,758
288,150,759
289,150,760
290,150,772
291,150,775
292,150,760
293,150,778
294,150,760
295,150,776
296,150,769
297,150,764
298,150,761
299,150,756
300,150,776
301,150,766
302,150,773
303,150,771
304,150,766
305,150,766
306,150,754
307,150,774
308,150,746
309,150,777
310,150,775
311,150,764
312,150,774
313,150,766
314,150,781
315,150,766
316,150,782
317,150,770
318,150,767
319,150,779
320,150,763
321,150,766
322,150,768
323,150,775
324,150,769
325,150,771
326,150,763
327,150,770
328,150,769
329,150,773
330,150,765
331,150,768
332,150,760
333,150,760
96,151,773
97,151,768
98,151,780
99,151,768
100,151,783
101,151,764
102,151,783
103,151,771
104,151,805
105,151,774
106,151,795
107,151,788
108,151,829
109,151,832
110,151,827
111,151,797
112,151,785
113,151,785
114,151,759
115,151,777
116,151,760
117,151,782
118,151,772
119,151,770
120,151,765
121,151,765
122,151,765
123,151,770
124,151,771
125,151,756
126,151,770
127,151,770
128,151,767
129,151,773
130,151,757
131,151,765
132,151,768
133,151,768
134,151,770
135,151,763
136,151,779
137,151,763
138,151,781
139,151,757
140,151,773
141,151,767
142,151,767
143,151,779
144,151,752
145,151,778
146,151,762
147,151,771
148,151,770
149,151,778
150,151,778
151,151,774
152,151,772
153,151,763
154,151,764
155,151,769
156,151,765
157,151,761
158,151,760
159,151,760
160,151,770
161,151,764
162,151,776
163,151,768
164,151,769
165,151,767
166,151,760
167,151,764
168,151,767
169,151,784
170,151,762
171,151,776
172,151,768
173,151,764
174,151,782
175,151,779
176,151,786
177,151,768
178,151,768
179,151,774
180,151,762
181,151,778
182,151,768
183,151,774
184,151,773
185,151,773
186,151,771
187,151,765
188,151,771
189,151,755
190,151,769
191,151,778
192,151,767
193,151,782
194,151,762
195,151,776
196,151,779
197,151,766
198,151,783
199,151,760
200,151,774
201,151,766
202,151,773
203,151,775
204,151,772
205,151,780
206,151,778
207,151,780
208,151,775
209,151,777
210,151,777
211,151,774
212,151,780
213,151,775
214,151,770
215,151,778
216,151,766
217,151,762
218,151,783
219,151,781
220,151,786
221,151,780
222,151,768
223,151,783
224,151,768
225,151,784
226,151,761
227,151,778
228,151,778
229,151,766
230,151,773
231,151,765
232,151,781
233,151,773
234,151,761
235,151,773
236,151,761
237,151,765
238,151,755
239,151,769
240,151,771
241,151,764
242,151,774
243,151,765
244,151,777
245,151,775
246,151,767
247,151,766
248,151,777
249,151,764
250,151,769
251,151,766
252,151,763
253,151,788
254,151,761
255,151,779
256,151,767
257,151,772
258,151,776
259,151,760
260,151,784
261,151,774
262,151,772
263,151,775
264,151,772
265,151,779
266,151,761
267,151,783
268,151,768
269,151,777
270,151,777
271,151,769
272,151,781
273,151,770
274,151,774
275,151,775
276,151,770
277,151,770
278,151,770
279,151,786
280,151,778
281,151,779
282,151,780
283,151,774
284,151,773
285,151,779
286,151,767
287,151,785
288,151,753
289,151,769
290,151,775
291,151,778
292,151,774
293,151,760
294,151,765
295,151,766
296,151,769
297,151,775
298,151,770
299,151,771
300,151,757
301,151,765
302,151,767
303,151,765
304,151,770
305,151,769
306,151,771
307,151,767
308,151,761
309,151,772
310,151,766
311,151,775
312,151,773
313,151,761
314,151,765
315,151,762
316,151,760
317,151,762
318,151,761
319,151,770
320,151,758
321,151,778
322,151,772
323,151,784
324,151,772
325,151,770
326,151,777
327,151,757
328,151,766
329,151,766
330,151,779
331,151,778
332,151,769
333,151,766
334,151,770
96,152,770
97,152,771
98,152,770
99,152,769
100,152,772
101,152,762
102,152,779
103,152,770
104,152,769
105,152,775
106,152,804
107,152,795
108,152,833
109,152,817
110,152,800
111,152,782
112,152,760
113,152,764
114,152,758
115,152,773
116,152,761
117,152,775
118,152,764
119,152,761
120,152,763
121,152,768
122,152,765
123,152,764
124,152,767
125,152,759
126,152,766
127,152,758
128,152,775
129,152,761
130,152,774
131,152,770
132,152,781
133,152,765
134,152,764
135,152,763
136,152,761
137,152,761
138,152,765
139,152,758
140,152,766
141,152,776
142,152,763
143,152,768
144,152,768
145,152,778
146,152,751
147,152,772
148,152,759
149,152,780
150,152,769
151,152,768
152,152,779
153,152,753
154,152,782
155,152,759
156,152,769
157,152,760
158,152,765
159,152,761
160,152,757
161,152,759
162,152,755
163,152,768
164,152,754
165,152,766
166,152,771
167,152,761
168,152,766
169,152,759
170,152,771
171,152,760
172,152,762
173,152,758
174,152,778
175,152,758
176,152,771
177,152,764
178,152,763
179,152,766
180,152,763
181,152,775
182,152,760
183,152,771
184,152,758
185,152,764
186,152,763
187,152,762
188,152,769
189,152,755
190,152,768
191,152,763
192,152,774
193,152,764
194,152,759
195,152,769
196,152,757
197,152,767
198,152,759
199,152,756
200,152,767
201,152,760
202,152,766
203,152,759
204,152,771
205,152,766
206,152,770
207,152,768
208,152,774
209,152,771
210,152,770
211,152,758
212,152,770
213,152,761
214,152,757
215,152,771
216,152,767
217,152,762
218,152,760
219,152,762
220,152,760
221,152,767
222,152,762
223,152,758
224,152,772
225,152,762
226,152,756
227,152,770
228,152,753
229,152,763
230,152,769
231,152,766
232,152,763
233,152,755
234,152,772
235,152,760
236,152,759
237,152,769
238,152,763
239,152,780
240,152,770
241,152,767
242,152,764
243,152,769
244,152,770
245,152,763
246,152,761
247,152,768
248,152,765
249,152,765
250,152,770
251,152,767
252,152,768
253,152,761
254,152,769
255,152,770
256,152,768
257,152,764
258,152,760
259,152,757
260,152,767
261,152,761
262,152,769
263,152,763
264,152,777
265,152,770
266,152,758
267,152,771
268,152,761
269,152,769
270,152,767
271,152,758
272,152,768
273,152,761
274,152,776
275,152,759
276,152,763
277,152,763
278,152,755
279,152,779
280,152,757
281,152,771
282,152,739
283,152,765
284,152,766
285,152,752
286,152,772
287,152,756
288,152,772
289,152,769
290,152,761
291,152,768
292,152,763
293,152,772
294,152,757
295,152,761
296,152,771
297,152,780
298,152,769
299,152,766
300,152,780
301,152,773
302,152,770
303,152,764
304,152,776
305,152,755
306,152,769
307,152,764
308,152,767
309,152,767
310,152,758
311,152,778
312,152,768
313,152,777
314,152,762
315,152,768
316,152,770
317,152,758
318,152,774
319,152,752
320,152,771
321,152,760
322,152,761
323,152,762
324,152,771
325,152,762
326,152,751
327,152,766
328,152,758
329,152,765
330,152,767
331,152,765
332,152,772
333,152,772
334,152,771
96,153,766
97,153,767
98,153,766
99,153,765
100,153,768
101,153,761
102,153,769
103,153,767
104,153,784
105,153,774
106,153,780
107,153,781
108,153,803
109,153,791
110,153,796
111,153,759
112,153,773
113,153,759
114,153,775
115,153,767
116,153,767
117,153,768
118,153,764
119,153,769
120,153,771
121,153,781
122,153,764
123,153,770
124,153,754
125,153,771
126,153,767
127,153,766
128,153,773
129,153,763
130,153,767
131,153,768
132,153,757
133,153,762
134,153,763
135,153,773
136,153,765
137,153,773
138,153,773
139,153,772
140,153,759
141,153,760
142,153,767
143,153,761
144,153,760
145,153,760
146,153,771
147,153,751
148,153,765
149,153,772
150,153,765
151,153,778
152,153,766
153,153,771
154,153,760
155,153,768
156,153,771
157,153,761
158,153,780
159,153,758
160,153,763
161,153,762
162,153,764
163,153,774
164,153,759
165,153,775
166,153,769
167,153,768
168,153,771
169,153,762
170,153,772
171,153,768
172,153,768
173,153,762
174,153,758
175,153,768
176,153,760
177,153,764
178,153,753
179,153,768
180,153,770
181,153,758
182,153,757
183,153,768
184,153,759
185,153,759
186,153,766
187,153,774
188,153,764
189,153,773
190,153,761
191,153,756
192,153,759
193,153,768
194,153,762
195,153,759
196,153,769
197,153,768
198,153,756
199,153,768
200,153,758
201,153,760
202,153,774
203,153,755
204,153,780
205,153,759
206,153,768
207,153,769
208,153,756
209,153,768
210,153,757
211,153,771
212,153,765
213,153,763
214,153,764
215,153,766
216,153,775
217,153,750
218,153,779
219,153,765
220,153,773
221,153,765
222,153,763
223,153,764
224,153,768
225,153,768
226,153,764
227,153,769
228,153,758
229,153,770
230,153,759
231,153,746
232,153,767
233,153,752
234,153,781
235,153,759
236,153,766
237,153,761
238,153,763
239,153,781
240,153,759
241,153,773
242,153,760
243,153,767
244,153,764
245,153,757
246,153,769
247,153,752
248,153,771
249,153,771
250,153,767
251,153,772
252,153,759
253,153,760
254,153,764
255,153,763
256,153,770
257,153,764
258,153,765
259,153,767
260,153,767
261,153,757
262,153,766
263,153,759
264,153,772
265,153,762
266,153,761
267,153,752
268,153,766
269,153,768
270,153,762
271,153,767
272,153,765
273,153,770
274,153,773
275,153,757
276,153,777
277,153,754
278,153,768
279,153,758
280,153,754
281,153,767
282,153,750
283,153,765
284,153,759
285,153,774
286,153,770
287,153,758
288,153,764
289,153,757
290,153,760
291,153,769
292,153,759
293,153,774
294,153,756
295,153,767
296,153,771
297,153,767
298,153,770
299,153,762
300,153,766
301,153,770
302,153,751
303,153,769
304,153,758
305,153,762
306,153,770
307,153,756
308,153,762
309,153,764
310,153,768
311,153,763
312,153,769
313,153,771
314,153,754
315,153,757
316,153,767
317,153,767
318,153,773
319,153,766
320,153,767
321,153,767
322,153,762
323,153,769
324,153,762
325,153,774
326,153,749
327,153,761
328,153,763
329,153,760
330,153,761
331,153,753
332,153,766
333,153,749
334,153,766
335,153,756
95,154,770
96,154,775
97,154,772
98,154,773
99,154,772
100,154,771
101,154,771
102,154,772
103,154,772
104,154,774
105,154,771
106,154,780
107,154,780
108,154,768
109,154,770
110,154,775
111,154,766
112,154,781
113,154,759
114,154,778
115,154,758
116,154,763
117,154,766
118,154,775
119,154,764
120,154,778
121,154,771
122,154,768
123,154,772
124,154,763
125,154,771
126,154,763
127,154,775
128,154,759
129,154,769
130,154,768
131,154,779
132,154,773
133,154,766
134,154,773
135,154,764
136,154,769
137,154,761
138,154,774
139,154,762
140,154,771
141,154,758
142,154,771
143,154,764
144,154,772
145,154,764
146,154,772
147,154,766
148,154,761
149,154,766
150,154,764
151,154,776
152,154,766
153,154,771
154,154,767
155,154,760
156,154,763
157,154,760
158,154,766
159,154,753
160,154,783
161,154,751
162,154,773
163,154,763
164,154,769
165,154,770
166,154,749
167,154,772
168,154,757
169,154,779
170,154,768
171,154,766
172,154,771
173,154,769
174,154,762
175,154,762
176,154,769
177,154,771
178,154,775
179,154,773
180,154,771
181,154,755
182,154,776
183,154,770
184,154,780
185,154,779
186,154,763
187,154,782
188,154,770
189,154,766
190,154,769
191,154,762
192,154,778
193,154,761
194,154,781
195,154,763
196,154,770
197,154,766
198,154,764
199,154,777
200,154,769
201,154,774
202,154,759
203,154,773
204,154,762
205,154,757
206,154,770
207,154,761
208,154,783
209,154,773
210,154,767
211,154,772
212,154,767
213,154,771
214,154,762
215,154,769
216,154,767
217,154,754
218,154,765
219,154,768
220,154,769
221,154,776
222,154,766
223,154,776
224,154,781
225,154,762
226,154,774
227,154,763
228,154,778
229,154,767
230,154,769
231,154,771
232,154,763
233,154,772
234,154,769
235,154,767
236,154,779
237,154,772
238,154,777
239,154,763
240,154,764
241,154,777
242,154,771
243,154,769
244,154,766
245,154,771
246,154,776
247,154,769
248,154,770
249,154,770
250,154,766
251,154,769
252,154,770
253,154,771
254,154,763
255,154,772
256,154,770
257,154,770
258,154,778
259,154,759
260,154,770
261,154,767
262,154,772
263,154,778
264,154,768
265,154,768
266,154,768
267,154,775
268,154,771
269,154,773
270,154,767
271,154,781
272,154,780
273,154,770
274,154,771
275,154,772
276,154,766
277,154,772
278,154,773
279,154,757
280,154,773
281,154,774
282,154,773
283,154,777
284,154,759
285,154,773
286,154,770
287,154,768
288,154,773
289,154,752
290,154,782
291,154,764
292,154,767
293,154,774
294,154,766
295,154,773
296,154,764
297,154,777
298,154,772
299,154,764
300,154,775
301,154,781
302,154,769
303,154,771
304,154,758
305,154,766
306,154,768
307,154,773
308,154,772
309,154,769
310,154,774
311,154,768
312,154,773
313,154,777
314,154,769
315,154,773
316,154,763
317,154,767
318,154,772
319,154,773
320,154,764
321,154,768
322,154,772
323,154,759
324,154,778
325,154,765
326,154,773
327,154,772
328,154,772
329,154,785
330,154,771
331,154,788
332,154,768
333,154,778
334,154,775
335,154,769
336,154,772
95,155,775
96,155,775
97,155,765
98,155,771
99,155,768
100,155,773
101,155,773
102,155,770
103,155,765
104,155,768
105,155,771
106,155,769
107,155,778
108,155,764
109,155,784
110,155,774
111,155,760
112,155,773
113,155,769
114,155,785
115,155,760
116,155,770
117,155,758
118,155,772
119,155,763
120,155,768
121,155,764
122,155,772
123,155,771
124,155,774
125,155,757
126,155,764
127,155,773
128,155,771
129,155,784
130,155,761
131,155,772
132,155,767
133,155,769
134,155,772
135,155,760
136,155,766
137,155,769
138,155,785
139,155,755
140,155,774
141,155,771
142,155,754
143,155,777
144,155,770
145,155,771
146,155,771
147,155,771
148,155,776
149,155,767
150,155,779
151,155,773
152,155,767
153,155,785
154,155,767
155,155,789
156,155,763
157,155,778
158,155,768
159,155,771
160,155,783
161,155,758
162,155,782
163,155,769
164,155,773
165,155,769
166,155,775
167,155,779
168,155,771
169,155,781
170,155,771
171,155,771
172,155,764
173,155,771
174,155,769
175,155,760
176,155,760
177,155,754
178,155,774
179,155,764
180,155,771
181,155,775
182,155,765
183,155,765
184,155,761
185,155,776
186,155,773
187,155,778
188,155,775
189,155,774
190,155,769
191,155,770
192,155,786
193,155,777
194,155,784
195,155,768
196,155,777
197,155,768
198,155,774
199,155,773
200,155,770
201,155,781
202,155,766
203,155,785
204,155,768
205,155,764
206,155,767
207,155,759
208,155,770
209,155,759
210,155,766
211,155,776
212,155,757
213,155,770
214,155,758
215,155,781
216,155,761
217,155,772
218,155,767
219,155,757
220,155,767
221,155,761
222,155,760
223,155,766
224,155,771
225,155,776
226,155,762
227,155,761
228,155,759
229,155,774
230,155,764
231,155,782
232,155,753
233,155,774
234,155,771
235,155,764
236,155,778
237,155,766
238,155,785
239,155,767
240,155,778
241,155,775
242,155,757
243,155,791
244,155,758
245,155,772
246,155,759
247,155,765
248,155,771
249,155,764
250,155,779
251,155,772
252,155,770
253,155,769
254,155,769
255,155,767
256,155,762
257,155,767
258,155,765
259,155,768
260,155,759
261,155,761
262,155,776
263,155,768
264,155,776
265,155,770
266,155,776
267,155,775
268,155,774
269,155,776
270,155,767
271,155,767
272,155,764
273,155,772
274,155,753
275,155,773
276,155,770
277,155,771
278,155,768
279,155,764
280,155,777
281,155,760
282,155,767
283,155,773
284,155,765
285,155,786
286,155,761
287,155,774
288,155,769
289,155,774
290,155,788
291,155,770
292,155,777
293,155,760
294,155,772
295,155,768
296,155,761
297,155,773
298,155,762
299,155,769
300,155,766
301,155,760
302,155,771
303,155,772
304,155,771
305,155,763
306,155,770
307,155,773
308,155,770
309,155,771
310,155,776
311,155,773
312,155,764
313,155,773
314,155,763
315,155,778
316,155,772
317,155,772
318,155,778
319,155,763
320,155,766
321,155,767
322,155,771
323,155,765
324,155,772
325,155,773
326,155,780
327,155,769
328,155,765
329,155,765
330,155,765
331,155,788
332,155,758
333,155,782
334,155,760
335,155,770
336,155,778
337,155,751
95,156,781
96,156,759
97,156,767
98,156,762
99,156,762
100,156,771
101,156,772
102,156,763
103,156,763
104,156,777
105,156,769
106,156,772
107,156,771
108,156,762
109,156,774
110,156,772
111,156,777
112,156,762
113,156,766
114,156,775
115,156,760
116,156,773
117,156,757
118,156,780
119,156,763
120,156,764
121,156,763
122,156,773
123,156,773
124,156,765
125,156,772
126,156,767
127,156,772
128,156,763
129,156,768
130,156,766
131,156,776
132,156,768
133,156,774
134,156,769
135,156,775
136,156,758
137,156,762
138,156,770
139,156,764
140,156,766
141,156,753
142,156,777
143,156,766
144,156,768
145,156,767
146,156,752
147,156,768
148,156,756
149,156,763
150,156,766
151,156,763
152,156,760
153,156,760
154,156,771
155,156,760
156,156,759
157,156,765
158,156,761
159,156,765
160,156,765
161,156,761
162,156,763
163,156,753
164,156,773
165,156,754
166,156,765
167,156,774
168,156,760
169,156,784
170,156,760
171,156,774
172,156,758
173,156,771
174,156,771
175,156,778
176,156,778
177,156,776
178,156,771
179,156,760
180,156,760
181,156,764
182,156,772
183,156,754
184,156,759
185,156,762
186,156,763
187,156,764
188,156,760
189,156,778
190,156,765
191,156,758
192,156,770
193,156,773
194,156,762
195,156,771
196,156,758
197,156,761
198,156,759
199,156,760
200,156,763
201,156,768
202,156,763
203,156,761
204,156,762
205,156,777
206,156,763
207,156,780
208,156,768
209,156,763
210,156,786
211,156,763
212,156,779
213,156,770
214,156,769
215,156,774
216,156,757
217,156,778
218,156,769
219,156,768
220,156,779
221,156,770
222,156,783
223,156,772
224,156,772
225,156,773
226,156,768
227,156,765
228,156,771
229,156,769
230,156,773
231,156,771
232,156,762
233,156,774
234,156,773
235,156,766
236,156,766
237,156,759
238,156,767
239,156,763
240,156,772
241,156,782
242,156,763
243,156,772
244,156,759
245,156,769
246,156,771
247,156,767
248,156,775
249,156,762
250,156,766
251,156,760
252,156,769
253,156,767
254,156,781
255,156,774
256,156,761
257,156,779
258,156,760
259,156,771
260,156,776
261,156,764
262,156,780
263,156,767
264,156,778
265,156,766
266,156,762
267,156,783
268,156,775
269,156,778
270,156,762
271,156,773
272,156,775
273,156,755
274,156,776
275,156,765
276,156,779
277,156,773
278,156,770
279,156,763
280,156,765
281,156,764
282,156,766
283,156,767
284,156,767
285,156,785
286,156,764
287,156,779
288,156,761
289,156,765
290,156,767
291,156,765
292,156,778
293,156,762
294,156,769
295,156,776
296,156,765
297,156,779
298,156,761
299,156,775
300,156,772
301,156,778
302,156,760
303,156,762
304,156,769
305,156,772
306,156,782
307,156,768
308,156,775
309,156,766
310,156,771
311,156,771
312,156,761
313,156,766
314,156,757
315,156,767
316,156,780
317,156,770
318,156,774
319,156,764
320,156,768
321,156,768
322,156,773
323,156,772
324,156,758
325,156,756
326,156,772
327,156,766
328,156,768
329,156,766
330,156,766
331,156,773
332,156,759
333,156,780
334,156,764
335,156,771
336,156,770
337,156,763
94,157,754
95,157,770
96,157,751
97,157,771
98,157,751
99,157,773
100,157,763
101,157,760
102,157,766
103,157,763
104,157,768
105,157,766
106,157,774
107,157,764
108,157,768
109,157,767
110,157,762
111,157,756
112,157,758
113,157,758
114,157,770
115,157,764
116,157,768
117,157,766
118,157,769
119,157,752
120,157,760
121,157,762
122,157,773
123,157,783
124,157,771
125,157,762
126,157,766
127,157,767
128,157,776
129,157,766
130,157,753
131,157,762
132,157,758
133,157,767
134,157,763
135,157,770
136,157,764
137,157,777
138,157,765
139,157,752
140,157,768
141,157,770
142,157,767
143,157,752
144,157,767
145,157,752
146,157,764
147,157,768
148,157,757
149,157,764
150,157,756
151,157,756
152,157,765
153,157,761
154,157,767
155,157,754
156,157,760
157,157,783
158,157,754
159,157,770
160,157,762
161,157,766
162,157,765
163,157,759
164,157,761
165,157,756
166,157,776
167,157,756
168,157,768
169,157,765
170,157,772
171,157,762
172,157,750
173,157,762
174,157,760
175,157,759
176,157,758
177,157,760
178,157,762
179,157,752
180,157,779
181,157,758
182,157,769
183,157,761
184,157,763
185,157,773
186,157,773
187,157,763
188,157,765
189,157,770
190,157,764
191,157,767
192,157,769
193,157,765
194,157,767
195,157,758
196,157,770
197,157,755
198,157,768
199,157,759
200,157,761
201,157,756
202,157,757
203,157,763
204,157,762
205,157,765
206,157,767
207,157,762
208,157,765
209,157,755
210,157,768
211,157,757
212,157,778
213,157,754
214,157,775
215,157,762
216,157,756
217,157,765
218,157,753
219,157,770
220,157,763
221,157,771
222,157,771
223,157,767
224,157,779
225,157,766
226,157,767
227,157,774
228,157,779
229,157,768
230,157,763
231,157,760
232,157,761
233,157,765
234,157,768
235,157,776
236,157,769
237,157,769
238,157,771
239,157,767
240,157,770
241,157,764
242,157,772
243,157,782
244,157,769
245,157,776
246,157,766
247,157,767
248,157,770
249,157,763
250,157,768
251,157,767
252,157,764
253,157,759
254,157,778
255,157,772
256,157,772
257,157,768
258,157,753
259,157,767
260,157,770
261,157,779
262,157,771
263,157,771
264,157,767
265,157,763
266,157,782
267,157,771
268,157,762
269,157,770
270,157,771
271,157,777
272,157,762
273,157,772
274,157,767
275,157,760
276,157,769
277,157,764
278,157,771
279,157,782
280,157,772
281,157,771
282,157,767
283,157,766
284,157,776
285,157,768
286,157,764
287,157,773
288,157,773
289,157,777
290,157,761
291,157,765
292,157,765
293,157,764
294,157,777
295,157,771
296,157,766
297,157,768
298,157,761
299,157,782
300,157,764
301,157,773
302,157,772
303,157,762
304,157,771
305,157,769
306,157,765
307,157,768
308,157,768
309,157,758
310,157,768
311,157,756
312,157,764
313,157,763
314,157,768
315,157,781
316,157,771
317,157,767
318,157,772
319,157,766
320,157,776
321,157,770
322,157,760
323,157,770
324,157,756
325,157,758
326,157,767
327,157,768
328,157,765
329,157,764
330,157,771
331,157,759
332,157,763
333,157,779
334,157,758
335,157,778
336,157,755
337,157,778
338,157,770
94,158,772
95,158,766
96,158,766
97,158,783
98,158,757
99,158,784
100,158,764
101,158,785
102,158,754
103,158,778
104,158,757
105,158,768
106,158,772
107,158,771
108,158,765
109,158,762
110,158,773
111,158,768
112,158,770
113,158,763
114,158,763
115,158,775
116,158,775
117,158,766
118,158,779
119,158,771
120,158,766
121,158,769
122,158,778
123,158,766
124,158,771
125,158,760
126,158,758
127,158,775
128,158,764
129,158,763
130,158,765
131,158,761
132,158,766
133,158,769
134,158,767
135,158,768
136,158,769
137,158,772
138,158,766
139,158,776
140,158,765
141,158,758
142,158,772
143,158,760
144,158,769
145,158,759
146,158,778
147,158,773
148,158,769
149,158,780
150,158,754
151,158,774
152,158,772
153,158,772
154,158,769
155,158,772
156,158,778
157,158,766
158,158,778
159,158,776
160,158,774
161,158,777
162,158,777
163,158,769
164,158,777
165,158,765
166,158,779
167,158,763
168,158,778
169,158,770
170,158,773
171,158,769
172,158,756
173,158,778
174,158,762
175,158,777
176,158,762
177,158,759
178,158,772
179,158,766
180,158,782
181,158,762
182,158,770
183,158,760
184,158,773
185,158,783
186,158,769
187,158,774
188,158,751
189,158,780
190,158,775
191,158,759
192,158,765
193,158,757
194,158,772
195,158,761
196,158,778
197,158,768
198,158,772
199,158,768
200,158,766
201,158,776
202,158,769
203,158,778
204,158,767
205,158,784
206,158,768
207,158,777
208,158,769
209,158,768
210,158,769
211,158,763
212,158,778
213,158,765
214,158,769
215,158,768
216,158,758
217,158,777
218,158,761
219,158,769
220,158,758
221,158,768
222,158,765
223,158,764
224,158,778
225,158,760
226,158,777
227,158,763
228,158,765
229,158,758
230,158,768
231,158,772
232,158,756
233,158,773
234,158,753
235,158,776
236,158,766
237,158,753
238,158,772
239,158,752
240,158,770
241,158,764
242,158,761
243,158,771
244,158,772
245,158,773
246,158,764
247,158,767
248,158,769
249,158,775
250,158,766
251,158,761
252,158,778
253,158,772
254,158,779
255,158,760
256,158,780
257,158,770
258,158,772
259,158,782
260,158,758
261,158,771
262,158,759
263,158,782
264,158,771
265,158,763
266,158,782
267,158,756
268,158,767
269,158,773
270,158,768
271,158,773
272,158,771
273,158,780
274,158,775
275,158,764
276,158,772
277,158,778
278,158,760
279,158,766
280,158,773
281,158,769
282,158,773
283,158,769
284,158,766
285,158,765
286,158,760
287,158,762
288,158,766
289,158,763
290,158,772
291,158,780
292,158,776
293,158,774
294,158,770
295,158,763
296,158,766
297,158,768
298,158,764
299,158,769
300,158,765
301,158,764
302,158,759
303,158,772
304,158,764
305,158,775
306,158,768
307,158,759
308,158,775
309,158,759
310,158,759
311,158,762
312,158,762
313,158,774
314,158,774
315,158,768
316,158,768
317,158,760
318,158,767
319,158,770
320,158,757
321,158,766
322,158,770
323,158,763
324,158,775
325,158,770
326,158,762
327,158,769
328,158,769
329,158,775
330,158,765
331,158,767
332,158,769
333,158,771
334,158,771
335,158,776
336,158,755
337,158,775
338,158,764
339,158,773
93,159,766
94,159,774
95,159,776
96,159,774
97,159,766
98,159,777
99,159,768
100,159,766
101,159,759
102,159,765
103,159,762
104,159,759
105,159,777
106,159,768
107,159,781
108,159,763
109,159,775
110,159,763
111,159,766
112,159,773
113,159,760
114,159,781
115,159,765
116,159,773
117,159,770
118,159,785
119,159,771
120,159,774
121,159,766
122,159,780
123,159,765
124,159,764
125,159,775
126,159,787
127,159,772
128,159,773
129,159,764
130,159,774
131,159,773
132,159,773
133,159,778
134,159,765
135,159,779
136,159,763
137,159,773
138,159,760
139,159,782
140,159,766
141,159,784
142,159,779
143,159,773
144,159,782
145,159,777
146,159,784
147,159,758
148,159,778
149,159,766
150,159,773
151,159,772
152,159,764
153,159,777
154,159,760
155,159,770
156,159,760
157,159,785
158,159,764
159,159,765
160,159,766
161,159,757
162,159,781
163,159,771
164,159,772
165,159,774
166,159,772
167,159,771
168,159,777
169,159,767
170,159,774
171,159,773
172,159,768
173,159,773
174,159,768
175,159,784
176,159,762
177,159,769
178,159,768
179,159,775
180,159,769
181,159,769
182,159,769
183,159,763
184,159,781
185,159,762
186,159,777
187,159,777
188,159,768
189,159,767
190,159,756
191,159,770
192,159,774
193,159,775
194,159,775
195,159,768
196,159,769
197,159,769
198,159,767
199,159,775
200,159,770
201,159,780
202,159,768
203,159,784
204,159,768
205,159,760
206,159,774
207,159,762
208,159,776
209,159,774
210,159,767
211,159,773
212,159,770
213,159,768
214,159,781
215,159,769
216,159,774
217,159,771
218,159,770
219,159,790
220,159,777
221,159,780
222,159,762
223,159,760
224,159,778
225,159,766
226,159,777
227,159,767
228,159,766
229,159,778
230,159,765
231,159,772
232,159,768
233,159,761
234,159,769
235,159,766
236,159,770
237,159,771
238,159,773
239,159,761
240,159,769
241,159,763
242,159,766
243,159,773
244,159,752
245,159,780
246,159,766
247,159,771
248,159,763
249,159,758
250,159,773
251,159,760
252,159,771
253,159,759
254,159,777
255,159,768
256,159,768
257,159,773
258,159,763
259,159,767
260,159,756
261,159,768
262,159,761
263,159,771
264,159,770
265,159,774
266,159,782
267,159,756
268,159,778
269,159,765
270,159,771
271,159,776
272,159,758
273,159,785
274,159,762
275,159,763
276,159,763
277,159,762
278,159,768
279,159,761
280,159,781
281,159,769
282,159,777
283,159,771
284,159,764
285,159,762
286,159,769
287,159,771
288,159,761
289,159,777
290,159,764
291,159,766
292,159,769
293,159,758
294,159,771
295,159,762
296,159,771
297,159,771
298,159,770
299,159,772
300,159,766
301,159,769
302,159,776
303,159,778
304,159,760
305,159,786
306,159,769
307,159,782
308,159,764
309,159,763
310,159,773
311,159,754
312,159,772
313,159,761
314,159,784
315,159,770
316,159,769
317,159,781
318,159,760
319,159,783
320,159,774
321,159,772
322,159,768
323,159,767
324,159,763
325,159,766
326,159,760
327,159,769
328,159,768
329,159,772
330,159,769
331,159,756
332,159,775
333,159,773
334,159,770
335,159,771
336,159,766
337,159,760
338,159,756
339,159,775
340,159,759
93,160,776
94,160,793
95,160,784
96,160,798
97,160,779
98,160,773
99,160,778
100,160,770
101,160,765
102,160,771
103,160,766
104,160,757
105,160,771
106,160,763
107,160,769
108,160,761
109,160,758
110,160,755
111,160,771
112,160,769
113,160,773
114,160,767
115,160,781
116,160,769
117,160,776
118,160,759
119,160,765
120,160,772
121,160,755
122,160,774
123,160,762
124,160,764
125,160,765
126,160,771
127,160,779
128,160,767
129,160,784
130,160,767
131,160,785
132,160,779
133,160,769
134,160,780
135,160,776
136,160,779
137,160,762
138,160,766
139,160,783
140,160,774
141,160,776
142,160,766
143,160,780
144,160,781
145,160,773
146,160,771
147,160,771
148,160,774
149,160,778
150,160,778
151,160,775
152,160,767
153,160,773
154,160,766
155,160,783
156,160,770
157,160,775
158,160,767
159,160,772
160,160,784
161,160,774
162,160,777
163,160,769
164,160,770
165,160,765
166,160,781
167,160,767
168,160,769
169,160,767
170,160,763
171,160,789
172,160,768
173,160,775
174,160,779
175,160,766
176,160,778
177,160,768
178,160,769
179,160,776
180,160,774
181,160,771
182,160,771
183,160,764
184,160,775
185,160,761
186,160,783
187,160,778
188,160,774
189,160,778
190,160,763
191,160,777
192,160,760
193,160,769
194,160,771
195,160,764
196,160,770
197,160,761
198,160,774
199,160,750
200,160,771
201,160,769
202,160,763
203,160,766
204,160,767
205,160,767
206,160,770
207,160,768
208,160,765
209,160,765
210,160,758
211,160,783
212,160,778
213,160,761
214,160,768
215,160,762
216,160,773
217,160,780
218,160,781
219,160,765
220,160,760
221,160,769
222,160,763
223,160,778
224,160,767
225,160,761
226,160,772
227,160,770
228,160,766
229,160,766
230,160,764
231,160,757
232,160,768
233,160,768
234,160,757
235,160,769
236,160,766
237,160,771
238,160,772
239,160,763
240,160,776
241,160,776
242,160,768
243,160,768
244,160,774
245,160,765
246,160,777
247,160,770
248,160,771
249,160,767
250,160,777
251,160,763
252,160,767
253,160,766
254,160,761
255,160,766
256,160,768
257,160,770
258,160,769
259,160,766
260,160,771
261,160,765
262,160,766
263,160,769
264,160,765
265,160,773
266,160,768
267,160,772
268,160,777
269,160,766
270,160,774
271,160,772
272,160,771
273,160,770
274,160,768
275,160,772
276,160,762
277,160,775
278,160,776
279,160,760
280,160,777
281,160,765
282,160,769
283,160,756
284,160,756
285,160,772
286,160,767
287,160,779
288,160,777
289,160,770
290,160,774
291,160,766
292,160,768
293,160,767
294,160,771
295,160,775
296,160,778
297,160,771
298,160,769
299,160,781
300,160,771
301,160,782
302,160,766
303,160,786
304,160,779
305,160,770
306,160,765
307,160,760
308,160,782
309,160,763
310,160,770
311,160,762
312,160,774
313,160,767
314,160,768
315,160,759
316,160,760
317,160,775
318,160,765
319,160,785
320,160,765
321,160,779
322,160,758
323,160,780
324,160,782
325,160,752
326,160,788
327,160,761
328,160,786
329,160,760
330,160,763
331,160,773
332,160,759
333,160,764
334,160,763
335,160,775
336,160,775
337,160,768
338,160,769
339,160,774
340,160,771
93,161,777
94,161,761
95,161,774
96,161,774
97,161,783
98,161,763
99,161,776
100,161,761
101,161,768
102,161,769
103,161,761
104,161,765
105,161,775
106,161,754
107,161,776
108,161,769
109,161,782
110,161,763
111,161,764
112,161,765
113,161,761
114,161,776
115,161,763
116,161,767
117,161,762
118,161,766
119,161,759
120,161,772
121,161,763
122,161,772
123,161,767
124,161,781
125,161,749
126,161,772
127,161,750
128,161,766
129,161,773
130,161,769
131,161,771
132,161,757
133,161,773
134,161,755
135,161,771
136,161,767
137,161,758
138,161,763
139,161,759
140,161,761
141,161,763
142,161,761
143,161,766
144,161,762
145,161,765
146,161,757
147,161,767
148,161,772
149,161,760
150,161,783
151,161,754
152,161,773
153,161,763
154,161,761
155,161,755
156,161,758
157,161,782
158,161,765
159,161,776
160,161,765
161,161,759
162,161,763
163,161,770
164,161,767
165,161,772
166,161,771
167,161,768
168,161,782
169,161,761
170,161,771
171,161,768
172,161,770
173,161,772
174,161,755
175,161,769
176,161,766
177,161,763
178,161,767
179,161,769
180,161,763
181,161,758
182,161,759
183,161,765
184,161,760
185,161,777
186,161,764
187,161,759
188,161,774
189,161,761
190,161,778
191,161,775
192,161,762
193,161,784
194,161,761
195,161,770
196,161,760
197,161,761
198,161,783
199,161,773
200,161,779
201,161,764
202,161,771
203,161,783
204,161,763
205,161,779
206,161,771
207,161,765
208,161,781
209,161,754
210,161,772
211,161,756
212,161,766
213,161,774
214,161,772
215,161,764
216,161,767
217,161,763
218,161,764
219,161,778
220,161,762
221,161,766
222,161,752
223,161,755
224,161,768
225,161,752
226,161,762
227,161,760
228,161,765
229,161,766
230,161,757
231,161,762
232,161,757
233,161,765
234,161,763
235,161,765
236,161,765
237,161,769
238,161,758
239,161,763
240,161,767
241,161,765
242,161,772
243,161,758
244,161,762
245,161,764
246,161,753
247,161,784
248,161,748
249,161,781
250,161,770
251,161,762
252,161,778
253,161,756
254,161,769
255,161,766
256,161,764
257,161,767
258,161,753
259,161,765
260,161,770
261,161,764
262,161,758
263,161,764
264,161,758
265,161,774
266,161,758
267,161,763
268,161,774
269,161,764
270,161,771
271,161,754
272,161,766
273,161,766
274,161,755
275,161,767
276,161,760
277,161,771
278,161,755
279,161,764
280,161,761
281,161,754
282,161,768
283,161,758
284,161,774
285,161,759
286,161,776
287,161,755
288,161,756
289,161,772
290,161,762
291,161,776
292,161,763
293,161,774
294,161,765
295,161,763
296,161,771
297,161,774
298,161,767
299,161,774
300,161,768
301,161,771
302,161,768
303,161,762
304,161,773
305,161,763
306,161,773
307,161,767
308,161,777
309,161,783
310,161,761
311,161,769
312,161,769
313,161,765
314,161,777
315,161,774
316,161,778
317,161,777
318,161,775
319,161,776
320,161,763
321,161,772
322,161,773
323,161,767
324,161,763
325,161,759
326,161,773
327,161,766
328,161,766
329,161,757
330,161,764
331,161,762
332,161,757
333,161,775
334,161,765
335,161,770
336,161,764
337,161,762
338,161,766
339,161,757
340,161,769
341,161,768
92,162,775
93,162,775
94,162,778
95,162,783
96,162,783
97,162,775
98,162,795
99,162,757
100,162,767
101,162,772
102,162,769
103,162,768
104,162,757
105,162,781
106,162,774
107,162,770
108,162,768
109,162,775
110,162,782
111,162,774
112,162,775
113,162,764
114,162,774
115,162,769
116,162,769
117,162,773
118,162,761
119,162,773
120,162,767
121,162,773
122,162,769
123,162,772
124,162,778
125,162,769
126,162,764
127,162,762
128,162,774
129,162,763
130,162,767
131,162,773
132,162,760
133,162,773
134,162,770
135,162,772
136,162,760
137,162,767
138,162,764
139,162,772
140,162,765
141,162,769
142,162,769
143,162,763
144,162,768
145,162,756
146,162,761
147,162,771
148,162,773
149,162,781
150,162,769
151,162,774
152,162,768
153,162,768
154,162,762
155,162,754
156,162,767
157,162,773
158,162,759
159,162,774
160,162,768
161,162,770
162,162,764
163,162,763
164,162,761
165,162,763
166,162,776
167,162,757
168,162,782
169,162,765
170,162,769
171,162,769
172,162,753
173,162,763
174,162,753
175,162,779
176,162,766
177,162,765
178,162,768
179,162,774
180,162,758
181,162,751
182,162,776
183,162,757
184,162,772
185,162,757
186,162,766
187,162,767
188,162,776
189,162,781
190,162,765
191,162,771
192,162,753
193,162,765
194,162,760
195,162,777
196,162,764
197,162,760
198,162,775
199,162,762
200,162,773
201,162,746
202,162,772
203,162,767
204,162,759
205,162,779
206,162,759
207,162,782
208,162,750
209,162,777
210,162,765
211,162,753
212,162,775
213,162,760
214,162,766
215,162,763
216,162,776
217,162,765
218,162,772
219,162,762
220,162,763
221,162,773
222,162,766
223,162,768
224,162,764
225,162,762
226,162,772
227,162,766
228,162,771
229,162,759
230,162,775
231,162,761
232,162,768
233,162,758
234,162,769
235,162,764
236,162,760
237,162,779
238,162,769
239,162,769
240,162,761
241,162,763
242,162,756
243,162,766
244,162,763
245,162,753
246,162,769
247,162,761
248,162,765
249,162,772
250,162,762
251,162,776
252,162,765
253,162,770
254,162,773
255,162,765
256,162,777
257,162,773
258,162,769
259,162,780
260,162,763
261,162,777
262,162,784
263,162,770
264,162,779
265,162,761
266,162,765
267,162,772
268,162,763
269,162,777
270,162,766
271,162,769
272,162,782
273,162,756
274,162,780
275,162,763
276,162,767
277,162,775
278,162,775
279,162,776
280,162,769
281,162,774
282,162,770
283,162,766
284,162,770
285,162,779
286,162,772
287,162,776
288,162,769
289,162,761
290,162,772
291,162,763
292,162,763
293,162,766
294,162,763
295,162,758
296,162,772
297,162,764
298,162,773
299,162,759
300,162,763
301,162,763
302,162,748
303,162,769
304,162,756
305,162,775
306,162,776
307,162,761
308,162,781
309,162,762
310,162,780
311,162,774
312,162,774
313,162,774
314,162,762
315,162,780
316,162,773
317,162,778
318,162,792
319,162,765
320,162,765
321,162,778
322,162,752
323,162,789
324,162,764
325,162,774
326,162,776
327,162,774
328,162,781
329,162,769
330,162,779
331,162,772
332,162,770
333,162,779
334,162,761
335,162,779
336,162,763
337,162,772
338,162,765
339,162,768
340,162,767
341,162,782
342,162,766
92,163,781
93,163,767
94,163,768
95,163,774
96,163,760
97,163,766
98,163,765
99,163,758
100,163,767
101,163,757
102,163,773
103,163,764
104,163,766
105,163,774
106,163,767
107,163,783
108,163,752
109,163,782
110,163,755
111,163,785
112,163,758
113,163,782
114,163,772
115,163,770
116,163,779
117,163,767
118,163,779
119,163,766
120,163,758
121,163,781
122,163,757
123,163,786
124,163,763
125,163,766
126,163,770
127,163,758
128,163,783
129,163,764
130,163,788
131,163,766
132,163,781
133,163,781
134,163,776
135,163,782
136,163,761
137,163,772
138,163,779
139,163,777
140,163,768
141,163,771
142,163,783
143,163,771
144,163,764
145,163,778
146,163,764
147,163,781
148,163,765
149,163,767
150,163,779
151,163,760
152,163,780
153,163,765
154,163,780
155,163,772
156,163,769
157,163,774
158,163,770
159,163,770
160,163,775
161,163,772
162,163,764
163,163,770
164,163,771
165,163,778
166,163,759
167,163,776
168,163,768
169,163,770
170,163,780
171,163,746
172,163,780
173,163,756
174,163,764
175,163,780
176,163,765
177,163,779
178,163,762
179,163,781
180,163,766
181,163,759
182,163,783
183,163,762
184,163,769
185,163,775
186,163,768
187,163,771
188,163,774
189,163,775
190,163,777
191,163,760
192,163,774
193,163,766
194,163,768
195,163,775
196,163,764
197,163,776
198,163,771
199,163,769
200,163,776
201,163,759
202,163,768
203,163,765
204,163,771
205,163,782
206,163,763
207,163,763
208,163,759
209,163,763
210,163,763
211,163,761
212,163,763
213,163,767
214,163,757
215,163,768
216,163,774
217,163,764
218,163,769
219,163,764
220,163,758
221,163,772
222,163,757
223,163,773
224,163,774
225,163,758
226,163,777
227,163,760
228,163,782
229,163,768
230,163,759
231,163,777
232,163,766
233,163,779
234,163,774
235,163,771
236,163,769
237,163,757
238,163,771
239,163,780
240,163,757
241,163,778
242,163,785
243,163,756
244,163,779
245,163,769
246,163,777
247,163,776
248,163,768
249,163,776
250,163,760
251,163,785
252,163,775
253,163,771
254,163,776
255,163,754
256,163,779
257,163,763
258,163,775
259,163,768
260,163,779
261,163,781
262,163,759
263,163,783
264,163,767
265,163,783
266,163,775
267,163,768
268,163,769
269,163,770
270,163,771
271,163,775
272,163,782
273,163,777
274,163,767
275,163,776
276,163,781
277,163,774
278,163,776
279,163,773
280,163,769
281,163,780
282,163,771
283,163,771
284,163,768
285,163,762
286,163,778
287,163,766
288,163,780
289,163,763
290,163,775
291,163,778
292,163,763
293,163,781
294,163,774
295,163,762
296,163,772
297,163,769
298,163,772
299,163,754
300,163,774
301,163,764
302,163,773
303,163,769
304,163,769
305,163,776
306,163,763
307,163,771
308,163,767
309,163,770
310,163,762
311,163,777
312,163,778
313,163,772
314,163,777
315,163,787
316,163,783
317,163,773
318,163,774
319,163,769
320,163,778
321,163,770
322,163,779
323,163,775
324,163,773
325,163,775
326,163,768
327,163,775
328,163,763
329,163,765
330,163,775
331,163,766
332,163,776
333,163,762
334,163,772
335,163,781
336,163,771
337,163,779
338,163,761
339,163,779
340,163,761
341,163,770
342,163,768
343,163,774
92,164,774
93,164,762
94,164,773
95,164,764
96,164,776
97,164,752
98,164,779
99,164,756
100,164,769
101,164,767
102,164,762
103,164,754
104,164,750
105,164,764
106,164,766
107,164,767
108,164,767
109,164,770
110,164,765
111,164,771
112,164,768
113,164,767
114,164,772
115,164,767
116,164,764
117,164,765
118,164,768
119,164,771
120,164,765
121,164,758
122,164,762
123,164,766
124,164,761
125,164,776
126,164,764
127,164,768
128,164,763
129,164,764
130,164,771
131,164,767
132,164,768
133,164,759
134,164,773
135,164,762
136,164,772
137,164,769
138,164,771
139,164,778
140,164,757
141,164,774
142,164,760
143,164,770
144,164,771
145,164,766
146,164,778
147,164,760
148,164,765
149,164,765
150,164,776
151,164,775
152,164,756
153,164,771
154,164,771
155,164,768
156,164,776
157,164,774
158,164,776
159,164,776
160,164,770
161,164,784
162,164,773
163,164,782
164,164,767
165,164,764
166,164,765
167,164,763
168,164,765
169,164,762
170,164,775
171,164,768
172,164,771
173,164,759
174,164,782
175,164,760
176,164,757
177,164,764
178,164,755
179,164,784
180,164,758
181,164,780
182,164,760
183,164,762
184,164,767
185,164,748
186,164,769
187,164,767
188,164,770
189,164,786
190,164,767
191,164,772
192,164,758
193,164,772
194,164,771
195,164,771
196,164,775
197,164,777
198,164,765
199,164,777
200,164,762
201,164,770
202,164,774
203,164,759
204,164,783
205,164,757
206,164,773
207,164,776
208,164,761
209,164,773
210,164,772
211,164,768
212,164,758
213,164,768
214,164,768
215,164,767
216,164,776
217,164,774
218,164,773
219,164,751
220,164,771
221,164,771
222,164,758
223,164,779
224,164,753
225,164,768
226,164,765
227,164,774
228,164,777
229,164,767
230,164,774
231,164,762
232,164,755
233,164,763
234,164,748
235,164,774
236,164,769
237,164,753
238,164,769
239,164,762
240,164,768
241,164,771
242,164,753
243,164,781
244,164,764
245,164,762
246,164,784
247,164,768
248,164,779
249,164,765
250,164,769
251,164,778
252,164,760
253,164,773
254,164,765
255,164,775
256,164,785
257,164,762
258,164,775
259,164,766
260,164,762
261,164,774
262,164,763
263,164,770
264,164,770
265,164,764
266,164,775
267,164,767
268,164,759
269,164,766
270,164,764
271,164,764
272,164,774
273,164,751
274,164,765
275,164,765
276,164,756
277,164,771
278,164,765
279,164,767
280,164,767
281,164,755
282,164,769
283,164,757
284,164,760
285,164,773
286,164,759
287,164,775
288,164,756
289,164,757
290,164,763
291,164,756
292,164,777
293,164,768
294,164,756
295,164,775
296,164,759
297,164,774
298,164,764
299,164,767
300,164,783
301,164,759
302,164,775
303,164,762
304,164,757
305,164,771
306,164,737
307,164,777
308,164,764
309,164,765
310,164,777
311,164,768
312,164,782
313,164,760
314,164,766
315,164,778
316,164,767
317,164,778
318,164,774
319,164,784
320,164,767
321,164,759
322,164,744
323,164,760
324,164,754
325,164,765
326,164,760
327,164,772
328,164,767
329,164,759
330,164,764
331,164,754
332,164,763
333,164,760
334,164,763
335,164,757
336,164,761
337,164,760
338,164,770
339,164,768
340,164,758
341,164,755
342,164,755
343,164,781
91,165,776
92,165,774
93,165,773
94,165,768
95,165,771
96,165,764
97,165,756
98,165,769
99,165,766
100,165,764
101,165,764
102,165,774
103,165,761
104,165,775
105,165,759
106,165,770
107,165,763
108,165,777
109,165,775
110,165,760
111,165,778
112,165,756
113,165,781
114,165,763
115,165,771
116,165,769
117,165,770
118,165,773
119,165,768
120,165,769
121,165,773
122,165,756
123,165,777
124,165,765
125,165,775
126,165,755
127,165,772
128,165,767
129,165,766
130,165,777
131,165,758
132,165,787
133,165,766
134,165,780
135,165,768
136,165,770
137,165,769
138,165,770
139,165,771
140,165,766
141,165,772
142,165,757
143,165,777
144,165,765
145,165,772
146,165,762
147,165,779
148,165,756
149,165,764
150,165,773
151,165,760
152,165,775
153,165,752
154,165,765
155,165,753
156,165,768
157,165,771
158,165,758
159,165,771
160,165,761
161,165,760
162,165,768
163,165,758
164,165,771
165,165,776
166,165,777
167,165,774
168,165,753
169,165,769
170,165,757
171,165,766
172,165,768
173,165,761
174,165,774
175,165,764
176,165,782
177,165,769
178,165,769
179,165,778
180,165,760
181,165,775
182,165,757
183,165,763
184,165,769
185,165,772
186,165,766
187,165,781
188,165,770
189,165,751
190,165,768
191,165,755
192,165,767
193,165,776
194,165,762
195,165,769
196,165,762
197,165,770
198,165,775
199,165,763
200,165,778
201,165,761
202,165,766
203,165,772
204,165,764
205,165,774
206,165,777
207,165,776
208,165,775
209,165,768
210,165,771
211,165,767
212,165,765
213,165,779
214,165,762
215,165,777
216,165,768
217,165,763
218,165,778
219,165,757
220,165,779
221,165,780
222,165,768
223,165,783
224,165,758
225,165,782
226,165,762
227,165,772
228,165,782
229,165,763
230,165,781
231,165,768
232,165,769
233,165,768
234,165,772
235,165,782
236,165,763
237,165,774
238,165,759
239,165,755
240,165,767
241,165,760
242,165,764
243,165,770
244,165,771
245,165,770
246,165,765
247,165,768
248,165,765
249,165,762
250,165,760
251,165,775
252,165,765
253,165,779
254,165,766
255,165,785
256,165,760
257,165,767
258,165,769
259,165,755
260,165,772
261,165,758
262,165,768
263,165,763
264,165,755
265,165,786
266,165,754
267,165,785
268,165,781
269,165,778
270,165,781
271,165,765
272,165,779
273,165,769
274,165,778
275,165,761
276,165,767
277,165,771
278,165,762
279,165,774
280,165,761
281,165,763
282,165,762
283,165,774
284,165,773
285,165,761
286,165,768
287,165,767
288,165,768
289,165,770
290,165,771
291,165,766
292,165,764
293,165,769
294,165,776
295,165,769
296,165,757
297,165,776
298,165,767
299,165,776
300,165,765
301,165,768
302,165,782
303,165,755
304,165,783
305,165,764
306,165,768
307,165,773
308,165,761
309,165,789
310,165,756
311,165,775
312,165,779
313,165,782
314,165,789
315,165,783
316,165,795
317,165,774
318,165,780
319,165,778
320,165,778
321,165,783
322,165,772
323,165,783
324,165,777
325,165,781
326,165,769
327,165,779
328,165,755
329,165,775
330,165,766
331,165,760
332,165,764
333,165,769
334,165,773
335,165,756
336,165,764
337,165,762
338,165,769
339,165,770
340,165,768
341,165,764
342,165,759
343,165,770
344,165,771
91,166,786
92,166,769
93,166,766
94,166,772
95,166,779
96,166,771
97,166,764
98,166,773
99,166,768
100,166,775
101,166,764
102,166,771
103,166,765
104,166,778
105,166,760
106,166,774
107,166,775
108,166,778
109,166,759
110,166,777
111,166,764
112,166,780
113,166,764
114,166,765
115,166,772
116,166,759
117,166,781
118,166,757
119,166,765
120,166,760
121,166,770
122,166,761
123,166,762
124,166,765
125,166,766
126,166,769
127,166,761
128,166,774
129,166,775
130,166,766
131,166,775
132,166,761
133,166,766
134,166,768
135,166,771
136,166,775
137,166,772
138,166,777
139,166,776
140,166,767
141,166,770
142,166,763
143,166,773
144,166,777
145,166,770
146,166,774
147,166,771
148,166,764
149,166,775
150,166,770
151,166,768
152,166,767
153,166,754
154,166,777
155,166,765
156,166,778
157,166,771
158,166,765
159,166,768
160,166,769
161,166,777
162,166,768
163,166,773
164,166,758
165,166,770
166,166,776
167,166,764
168,166,772
169,166,768
170,166,774
171,166,770
172,166,758
173,166,771
174,166,766
175,166,762
176,166,774
177,166,762
178,166,774
179,166,772
180,166,773
181,166,782
182,166,751
183,166,770
184,166,760
185,166,772
186,166,777
187,166,772
188,166,770
189,166,764
190,166,768
191,166,761
192,166,777
193,166,767
194,166,772
195,166,777
196,166,762
197,166,781
198,166,767
199,166,780
200,166,775
201,166,775
202,166,781
203,166,764
204,166,772
205,166,765
206,166,782
207,166,778
208,166,761
209,166,784
210,166,772
211,166,770
212,166,780
213,166,765
214,166,775
215,166,767
216,166,764
217,166,780
218,166,766
219,166,761
220,166,776
221,166,758
222,166,780
223,166,762
224,166,765
225,166,781
226,166,758
227,166,785
228,166,755
229,166,774
230,166,777
231,166,765
232,166,792
233,166,773
234,166,783
235,166,787
236,166,770
237,166,782
238,166,773
239,166,776
240,166,770
241,166,763
242,166,779
243,166,771
244,166,776
245,166,768
246,166,768
247,166,765
248,166,775
249,166,776
250,166,771
251,166,772
252,166,765
253,166,769
254,166,778
255,166,765
256,166,776
257,166,767
258,166,765
259,166,766
260,166,763
261,166,765
262,166,773
263,166,776
264,166,765
265,166,773
266,166,774
267,166,777
268,166,764
269,166,781
270,166,759
271,166,773
272,166,767
273,166,760
274,166,784
275,166,758
276,166,756
277,166,775
278,166,758
279,166,775
280,166,752
281,166,772
282,166,771
283,166,757
284,166,780
285,166,753
286,166,772
287,166,776
288,166,777
289,166,781
290,166,779
291,166,768
292,166,762
293,166,769
294,166,769
295,166,774
296,166,769
297,166,770
298,166,776
299,166,767
300,166,769
301,166,770
302,166,778
303,166,765
304,166,772
305,166,774
306,166,758
307,166,773
308,166,758
309,166,765
310,166,763
311,166,774
312,166,771
313,166,783
314,166,780
315,166,780
316,166,785
317,166,782
318,166,790
319,166,776
320,166,777
321,166,780
322,166,772
323,166,783
324,166,761
325,166,782
326,166,764
327,166,786
328,166,779
329,166,773
330,166,767
331,166,762
332,166,777
333,166,760
334,166,768
335,166,769
336,166,775
337,166,762
338,166,780
339,166,765
340,166,774
341,166,767
342,166,762
343,166,781
344,166,764
345,166,785
90,167,786
91,167,766
92,167,779
93,167,776
94,167,777
95,167,776
96,167,762
97,167,768
98,167,771
99,167,771
100,167,758
101,167,763
102,167,759
103,167,754
104,167,771
105,167,762
106,167,774
107,167,758
108,167,772
109,167,756
110,167,780
111,167,756
112,167,770
113,167,769
114,167,760
115,167,776
116,167,778
117,167,781
118,167,765
119,167,772
120,167,768
121,167,782
122,167,761
123,167,778
124,167,754
125,167,776
126,167,765
127,167,775
128,167,774
129,167,767
130,167,773
131,167,762
132,167,766
133,167,756
134,167,763
135,167,748
136,167,774
137,167,760
138,167,778
139,167,768
140,167,783
141,167,754
142,167,772
143,167,753
144,167,769
145,167,768
146,167,763
147,167,784
148,167,762
149,167,783
150,167,755
151,167,776
152,167,768
153,167,769
154,167,780
155,167,767
156,167,785
157,167,767
158,167,777
159,167,769
160,167,774
161,167,771
162,167,778
163,167,772
164,167,772
165,167,780
166,167,765
167,167,770
168,167,769
169,167,776
170,167,766
171,167,775
172,167,776
173,167,770
174,167,777
175,167,766
176,167,774
177,167,778
178,167,771
179,167,766
180,167,776
181,167,761
182,167,778
183,167,757
184,167,758
185,167,778
186,167,767
187,167,785
188,167,772
189,167,768
190,167,760
191,167,767
192,167,787
193,167,763
194,167,771
195,167,781
196,167,766
197,167,781
198,167,769
199,167,783
200,167,772
201,167,768
202,167,785
203,167,765
204,167,776
205,167,765
206,167,771
207,167,774
208,167,762
209,167,772
210,167,767
211,167,763
212,167,763
213,167,774
214,167,772
215,167,765
216,167,773
217,167,763
218,167,771
219,167,766
220,167,759
221,167,762
222,167,755
223,167,774
224,167,761
225,167,769
226,167,765
227,167,772
228,167,761
229,167,779
230,167,774
231,167,768
232,167,759
233,167,756
234,167,767
235,167,760
236,167,772
237,167,779
238,167,767
239,167,790
240,167,761
241,167,769
242,167,772
243,167,761
244,167,776
245,167,764
246,167,777
247,167,768
248,167,766
249,167,766
250,167,761
251,167,764
252,167,774
253,167,767
254,167,773
255,167,780
256,167,772
257,167,774
258,167,768
259,167,764
260,167,779
261,167,764
262,167,781
263,167,772
264,167,771
265,167,766
266,167,770
267,167,765
268,167,766
269,167,772
270,167,761
271,167,760
272,167,765
273,167,765
274,167,766
275,167,756
276,167,781
277,167,753
278,167,773
279,167,762
280,167,762
281,167,774
282,167,750
283,167,777
284,167,769
285,167,763
286,167,779
287,167,767
288,167,776
289,167,756
290,167,769
291,167,778
292,167,762
293,167,767
294,167,760
295,167,763
296,167,762
297,167,768
298,167,774
299,167,757
300,167,756
301,167,771
302,167,767
303,167,771
304,167,755
305,167,760
306,167,775
307,167,766
308,167,771
309,167,762
310,167,774
311,167,769
312,167,753
313,167,787
314,167,776
315,167,778
316,167,768
317,167,768
318,167,768
319,167,780
320,167,775
321,167,755
322,167,770
323,167,755
324,167,776
325,167,765
326,167,760
327,167,777
328,167,753
329,167,777
330,167,773
331,167,760
332,167,772
333,167,760
334,167,763
335,167,762
336,167,754
337,167,770
338,167,759
339,167,771
340,167,760
341,167,766
342,167,765
343,167,757
344,167,779
345,167,756
346,167,766
90,168,774
91,168,774
92,168,774
93,168,772
94,168,771
95,168,773
96,168,772
97,168,768
98,168,771
99,168,766
100,168,768
101,168,765
102,168,765
103,168,778
104,168,763
105,168,776
106,168,754
107,168,765
108,168,759
109,168,778
110,168,769
111,168,765
112,168,760
113,168,756
114,168,753
115,168,765
116,168,773
117,168,763
118,168,762
119,168,772
120,168,765
121,168,773
122,168,757
123,168,775
124,168,767
125,168,773
126,168,763
127,168,762
128,168,770
129,168,777
130,168,780
131,168,773
132,168,765
133,168,759
134,168,770
135,168,757
136,168,764
137,168,764
138,168,771
139,168,766
140,168,766
141,168,777
142,168,759
143,168,771
144,168,765
145,168,768
146,168,769
147,168,775
148,168,765
149,168,768
150,168,757
151,168,773
152,168,753
153,168,770
154,168,754
155,168,765
156,168,767
157,168,757
158,168,781
159,168,759
160,168,767
161,168,777
162,168,766
163,168,778
164,168,766
165,168,780
166,168,769
167,168,772
168,168,774
169,168,771
170,168,775
171,168,770
172,168,780
173,168,768
174,168,775
175,168,768
176,168,777
177,168,757
178,168,770
179,168,778
180,168,757
181,168,772
182,168,762
183,168,776
184,168,760
185,168,775
186,168,770
187,168,770
188,168,770
189,168,778
190,168,772
191,168,758
192,168,765
193,168,757
194,168,776
195,168,756
196,168,779
197,168,777
198,168,762
199,168,780
200,168,752
201,168,775
202,168,771
203,168,760
204,168,779
205,168,756
206,168,772
207,168,763
208,168,771
209,168,776
210,168,758
211,168,776
212,168,772
213,168,776
214,168,773
215,168,768
216,168,774
217,168,780
218,168,770
219,168,772
220,168,764
221,168,770
222,168,785
223,168,769
224,168,777
225,168,751
226,168,777
227,168,776
228,168,765
229,168,772
230,168,768
231,168,769
232,168,771
233,168,764
234,168,767
235,168,775
236,168,768
237,168,766
238,168,775
239,168,762
240,168,768
241,168,779
242,168,766
243,168,784
244,168,761
245,168,760
246,168,764
247,168,764
248,168,769
249,168,764
250,168,759
251,168,754
252,168,753
253,168,765
254,168,758
255,168,764
256,168,768
257,168,758
258,168,774
259,168,756
260,168,759
261,168,771
262,168,760
263,168,769
264,168,764
265,168,758
266,168,772
267,168,769
268,168,764
269,168,766
270,168,763
271,168,764
272,168,764
273,168,759
274,168,777
275,168,756
276,168,777
277,168,770
278,168,767
279,168,774
280,168,769
281,168,773
282,168,760
283,168,772
284,168,763
285,168,761
286,168,761
287,168,766
288,168,775
289,168,756
290,168,770
291,168,760
292,168,776
293,168,769
294,168,764
295,168,772
296,168,762
297,168,778
298,168,758
299,168,773
300,168,770
301,168,757
302,168,771
303,168,762
304,168,762
305,168,765
306,168,764
307,168,756
308,168,771
309,168,767
310,168,778
311,168,771
312,168,768
313,168,779
314,168,763
315,168,778
316,168,762
317,168,778
318,168,762
319,168,751
320,168,779
321,168,748
322,168,769
323,168,760
324,168,765
325,168,763
326,168,761
327,168,784
328,168,765
329,168,764
330,168,766
331,168,766
332,168,761
333,168,770
334,168,761
335,168,759
336,168,775
337,168,767
338,168,779
339,168,764
340,168,766
341,168,762
342,168,758
343,168,773
344,168,756
345,168,776
346,168,752
90,169,770
91,169,762
92,169,780
93,169,758
94,169,773
95,169,770
96,169,780
97,169,772
98,169,771
99,169,765
100,169,771
101,169,763
102,169,785
103,169,777
104,169,770
105,169,769
106,169,776
107,169,767
108,169,774
109,169,767
110,169,775
111,169,770
112,169,764
113,169,781
114,169,762
115,169,762
116,169,773
117,169,760
118,169,782
119,169,757
120,169,779
121,169,780
122,169,762
123,169,767
124,169,761
125,169,770
126,169,761
127,169,774
128,169,774
129,169,772
130,169,767
131,169,755
132,169,781
133,169,768
134,169,772
135,169,780
136,169,771
137,169,764
138,169,765
139,169,767
140,169,773
141,169,765
142,169,773
143,169,757
144,169,779
145,169,770
146,169,773
147,169,772
148,169,767
149,169,771
150,169,768
151,169,773
152,169,780
153,169,774
154,169,767
155,169,770
156,169,757
157,169,766
158,169,763
159,169,769
160,169,770
161,169,754
162,169,771
163,169,759
164,169,767
165,169,753
166,169,760
167,169,768
168,169,757
169,169,760
170,169,757
171,169,766
172,169,764
173,169,770
174,169,775
175,169,772
176,169,764
177,169,768
178,169,756
179,169,766
180,169,769
181,169,772
182,169,769
183,169,761
184,169,771
185,169,759
186,169,770
187,169,772
188,169,769
189,169,765
190,169,771
191,169,766
192,169,771
193,169,766
194,169,765
195,169,776
196,169,773
197,169,778
198,169,769
199,169,760
200,169,772
201,169,763
202,169,775
203,169,764
204,169,769
205,169,774
206,169,769
207,169,768
208,169,776
209,169,762
210,169,771
211,169,781
212,169,764
213,169,776
214,169,759
215,169,778
216,169,783
217,169,753
218,169,771
219,169,755
220,169,769
221,169,766
222,169,765
223,169,771
224,169,754
225,169,765
226,169,759
227,169,762
228,169,770
229,169,772
230,169,760
231,169,773
232,169,773
233,169,772
234,169,775
235,169,767
236,169,780
237,169,765
238,169,773
239,169,766
240,169,765
241,169,782
242,169,759
243,169,779
244,169,762
245,169,770
246,169,769
247,169,752
248,169,778
249,169,758
250,169,780
251,169,767
252,169,772
253,169,769
254,169,763
255,169,780
256,169,756
257,169,782
258,169,768
259,169,770
260,169,775
261,169,760
262,169,783
263,169,758
264,169,766
265,169,775
266,169,780
267,169,771
268,169,765
269,169,774
270,169,776
271,169,772
272,169,768
273,169,767
274,169,766
275,169,760
276,169,761
277,169,767
278,169,779
279,169,755
280,169,770
281,169,769
282,169,761
283,169,783
284,169,758
285,169,771
286,169,770
287,169,774
288,169,765
289,169,762
290,169,769
291,169,769
292,169,770
293,169,770
294,169,775
295,169,766
296,169,771
297,169,776
298,169,764
299,169,773
300,169,761
301,169,767
302,169,766
303,169,766
304,169,764
305,169,765
306,169,768
307,169,770
308,169,787
309,169,793
310,169,780
311,169,779
312,169,799
313,169,765
314,169,779
315,169,771
316,169,778
317,169,778
318,169,761
319,169,778
320,169,768
321,169,772
322,169,768
323,169,762
324,169,781
325,169,764
326,169,773
327,169,773
328,169,772
329,169,784
330,169,770
331,169,776
332,169,776
333,169,760
334,169,784
335,169,771
336,169,773
337,169,771
338,169,765
339,169,773
340,169,773
341,169,770
342,169,767
343,169,774
344,169,764
345,169,777
346,169,769
347,169,772
89,170,791
90,170,764
91,170,780
92,170,749
93,170,777
94,170,759
95,170,784
96,170,753
97,170,779
98,170,766
99,170,766
100,170,761
101,170,765
102,170,768
103,170,774
104,170,767
105,170,772
106,170,762
107,170,770
108,170,766
109,170,771
110,170,764
111,170,763
112,170,771
113,170,774
114,170,767
115,170,766
116,170,769
117,170,763
118,170,777
119,170,771
120,170,775
121,170,768
122,170,771
123,170,759
124,170,772
125,170,759
126,170,762
127,170,769
128,170,770
129,170,768
130,170,760
131,170,767
132,170,762
133,170,764
134,170,763
135,170,756
136,170,775
137,170,760
138,170,774
139,170,764
140,170,761
141,170,767
142,170,765
143,170,773
144,170,762
145,170,761
146,170,769
147,170,760
148,170,761
149,170,765
150,170,768
151,170,769
152,170,762
153,170,762
154,170,765
155,170,771
156,170,768
157,170,767
158,170,773
159,170,773
160,170,773
161,170,760
162,170,757
163,170,756
164,170,755
165,170,775
166,170,758
167,170,767
168,170,765
169,170,756
170,170,757
171,170,772
172,170,758
173,170,775
174,170,768
175,170,759
176,170,776
177,170,764
178,170,780
179,170,768
180,170,777
181,170,769
182,170,753
183,170,776
184,170,771
185,170,774
186,170,767
187,170,768
188,170,773
189,170,762
190,170,763
191,170,771
192,170,758
193,170,754
194,170,772
195,170,751
196,170,774
197,170,759
198,170,762
199,170,768
200,170,758
201,170,766
202,170,758
203,170,770
204,170,763
205,170,772
206,170,766
207,170,766
208,170,772
209,170,757
210,170,766
211,170,752
212,170,782
213,170,764
214,170,756
215,170,780
216,170,760
217,170,766
218,170,759
219,170,766
220,170,767
221,170,759
222,170,770
223,170,764
224,170,767
225,170,766
226,170,758
227,170,767
228,170,766
229,170,768
230,170,780
231,170,755
232,170,770
233,170,776
234,170,770
235,170,780
236,170,760
237,170,761
238,170,762
239,170,760
240,170,777
241,170,758
242,170,761
243,170,756
244,170,746
245,170,756
246,170,755
247,170,768
248,170,768
249,170,759
250,170,778
251,170,768
252,170,772
253,170,775
254,170,772
255,170,766
256,170,773
257,170,765
258,170,773
259,170,759
260,170,766
261,170,767
262,170,769
263,170,766
264,170,766
265,170,765
266,170,759
267,170,765
268,170,764
269,170,769
270,170,772
271,170,773
272,170,765
273,170,748
274,170,776
275,170,768
276,170,771
277,170,785
278,170,762
279,170,767
280,170,748
281,170,764
282,170,771
283,170,765
284,170,770
285,170,763
286,170,765
287,170,772
288,170,773
289,170,766
290,170,765
291,170,755
292,170,769
293,170,765
294,170,762
295,170,763
296,170,763
297,170,776
298,170,756
299,170,770
300,170,758
301,170,756
302,170,770
303,170,763
304,170,769
305,170,764
306,170,759
307,170,765
308,170,782
309,170,780
310,170,787
311,170,782
312,170,765
313,170,777
314,170,762
315,170,774
316,170,767
317,170,767
318,170,774
319,170,754
320,170,769
321,170,759
322,170,762
323,170,760
324,170,752
325,170,760
326,170,772
327,170,762
328,170,771
329,170,760
330,170,761
331,170,767
332,170,758
333,170,770
334,170,759
335,170,769
336,170,761
337,170,764
338,170,783
339,170,766
340,170,780
341,170,756
342,170,775
343,170,765
344,170,766
345,170,775
346,170,762
347,170,774
348,170,755
89,171,773
90,171,765
91,171,774
92,171,768
93,171,777
94,171,753
95,171,777
96,171,765
97,171,781
98,171,760
99,171,768
100,171,760
101,171,766
102,171,778
103,171,761
104,171,770
105,171,756
106,171,771
107,171,749
108,171,776
109,171,757
110,171,772
111,171,765
112,171,762
113,171,767
114,171,761
115,171,771
116,171,759
117,171,763
118,171,777
119,171,761
120,171,775
121,171,767
122,171,767
123,171,761
124,171,767
125,171,774
126,171,764
127,171,762
128,171,769
129,171,770
130,171,771
131,171,772
132,171,765
133,171,783
134,171,765
135,171,766
136,171,763
137,171,770
138,171,765
139,171,767
140,171,777
141,171,761
142,171,783
143,171,755
144,171,778
145,171,763
146,171,773
147,171,773
148,171,763
149,171,778
150,171,758
151,171,760
152,171,774
153,171,771
154,171,763
155,171,769
156,171,758
157,171,772
158,171,767
159,171,768
160,171,758
161,171,758
162,171,768
163,171,764
164,171,776
165,171,760
166,171,769
167,171,759
168,171,764
169,171,763
170,171,762
171,171,772
172,171,769
173,171,768
174,171,769
175,171,765
176,171,766
177,171,775
178,171,763
179,171,766
180,171,776
181,171,764
182,171,765
183,171,766
184,171,771
185,171,761
186,171,773
187,171,784
188,171,755
189,171,773
190,171,774
191,171,768
192,171,768
193,171,765
194,171,761
195,171,776
196,171,764
197,171,767
198,171,755
199,171,783
200,171,770
201,171,762
202,171,764
203,171,767
204,171,776
205,171,759
206,171,767
207,171,774
208,171,763
209,171,763
210,171,777
211,171,761
212,171,766
213,171,773
214,171,758
215,171,774
216,171,761
217,171,770
218,171,764
219,171,754
220,171,762
221,171,759
222,171,778
223,171,764
224,171,760
225,171,769
226,171,758
227,171,772
228,171,757
229,171,775
230,171,762
231,171,779
232,171,762
233,171,768
234,171,774
235,171,753
236,171,774
237,171,759
238,171,773
239,171,754
240,171,763
241,171,762
242,171,764
243,171,761
244,171,760
245,171,777
246,171,754
247,171,770
248,171,767
249,171,759
250,171,767
251,171,766
252,171,776
253,171,753
254,171,759
255,171,769
256,171,754
257,171,773
258,171,743
259,171,774
260,171,760
261,171,764
262,171,767
263,171,757
264,171,769
265,171,758
266,171,771
267,171,760
268,171,761
269,171,765
270,171,761
271,171,761
272,171,761
273,171,774
274,171,761
275,171,766
276,171,757
277,171,758
278,171,768
279,171,750
280,171,775
281,171,754
282,171,770
283,171,775
284,171,760
285,171,759
286,171,763
287,171,771
288,171,760
289,171,773
290,171,760
291,171,772
292,171,759
293,171,768
294,171,771
295,171,750
296,171,767
297,171,755
298,171,765
299,171,765
300,171,763
301,171,759
302,171,761
303,171,764
304,171,754
305,171,764
306,171,763
307,171,769
308,171,783
309,171,796
310,171,783
311,171,784
312,171,769
313,171,763
314,171,775
315,171,756
316,171,762
317,171,755
318,171,759
319,171,771
320,171,765
321,171,771
322,171,772
323,171,776
324,171,771
325,171,763
326,171,763
327,171,767
328,171,761
329,171,764
330,171,766
331,171,764
332,171,770
333,171,758
334,171,765
335,171,762
336,171,766
337,171,766
338,171,760
339,171,766
340,171,762
341,171,768
342,171,767
343,171,752
344,171,770
345,171,763
346,171,768
347,171,774
348,171,759
349,171,770
89,172,760
90,172,769
91,172,771
92,172,769
93,172,764
94,172,771
95,172,768
96,172,774
97,172,765
98,172,766
99,172,762
100,172,772
101,172,771
102,172,777
103,172,760
104,172,775
105,172,769
106,172,766
107,172,773
108,172,764
109,172,772
110,172,773
111,172,765
112,172,769
113,172,758
114,172,759
115,172,768
116,172,766
117,172,764
118,172,767
119,172,778
120,172,775
121,172,767
122,172,768
123,172,778
124,172,767
125,172,782
126,172,760
127,172,773
128,172,768
129,172,767
130,172,752
131,172,772
132,172,769
133,172,769
134,172,770
135,172,765
136,172,774
137,172,758
138,172,771
139,172,762
140,172,762
141,172,762
142,172,770
143,172,762
144,172,775
145,172,760
146,172,771
147,172,770
148,172,759
149,172,770
150,172,758
151,172,783
152,172,752
153,172,782
154,172,766
155,172,776
156,172,782
157,172,758
158,172,778
159,172,761
160,172,781
161,172,774
162,172,781
163,172,765
164,172,768
165,172,765
166,172,767
167,172,769
168,172,765
169,172,769
170,172,755
171,172,787
172,172,749
173,172,764
174,172,773
175,172,763
176,172,762
177,172,760
178,172,765
179,172,762
180,172,773
181,172,758
182,172,777
183,172,773
184,172,770
185,172,775
186,172,771
187,172,761
188,172,765
189,172,767
190,172,748
191,172,777
192,172,771
193,172,764
194,172,783
195,172,757
196,172,775
197,172,765
198,172,768
199,172,770
200,172,760
201,172,776
202,172,775
203,172,770
204,172,761
205,172,766
206,172,771
207,172,786
208,172,767
209,172,780
210,172,766
211,172,760
212,172,775
213,172,759
214,172,770
215,172,771
216,172,761
217,172,775
218,172,762
219,172,772
220,172,762
221,172,769
222,172,761
223,172,769
224,172,771
225,172,761
226,172,782
227,172,775
228,172,770
229,172,764
230,172,774
231,172,757
232,172,772
233,172,771
234,172,774
235,172,774
236,172,776
237,172,778
238,172,769
239,172,761
240,172,775
241,172,760
242,172,760
243,172,765
244,172,774
245,172,765
246,172,762
247,172,767
248,172,773
249,172,759
250,172,762
251,172,765
252,172,758
253,172,774
254,172,771
255,172,775
256,172,769
257,172,769
258,172,777
259,172,766
260,172,770
261,172,764
262,172,767
263,172,770
264,172,771
265,172,757
266,172,780
267,172,766
268,172,765
269,172,778
270,172,753
271,172,772
272,172,754
273,172,763
274,172,766
275,172,765
276,172,768
277,172,767
278,172,767
279,172,764
280,172,775
281,172,770
282,172,766
283,172,771
284,172,772
285,172,770
286,172,772
287,172,773
288,172,767
289,172,760
290,172,776
291,172,766
292,172,775
293,172,758
294,172,770
295,172,766
296,172,774
297,172,777
298,172,767
299,172,763
300,172,763
301,172,765
302,172,763
303,172,768
304,172,768
305,172,763
306,172,771
307,172,769
308,172,782
309,172,765
310,172,799
311,172,765
312,172,777
313,172,767
314,172,759
315,172,769
316,172,757
317,172,775
318,172,758
319,172,767
320,172,757
321,172,756
322,172,782
323,172,765
324,172,773
325,172,755
326,172,777
327,172,760
328,172,773
329,172,763
330,172,770
331,172,768
332,172,767
333,172,777
334,172,756
335,172,773
336,172,757
337,172,777
338,172,758
339,172,759
340,172,769
341,172,760
342,172,762
343,172,769
344,172,767
345,172,759
346,172,782
347,172,769
348,172,781
349,172,778
88,173,764
89,173,761
90,173,772
91,173,770
92,173,775
93,173,776
94,173,769
95,173,775
96,173,755
97,173,774
98,173,749
99,173,778
100,173,761
101,173,779
102,173,762
103,173,771
104,173,765
105,173,763
106,173,758
107,173,759
108,173,769
109,173,764
110,173,760
111,173,775
112,173,757
113,173,772
114,173,760
115,173,771
116,173,759
117,173,768
118,173,772
119,173,758
120,173,776
121,173,762
122,173,787
123,173,762
124,173,770
125,173,760
126,173,769
127,173,768
128,173,772
129,173,769
130,173,769
131,173,765
132,173,778
133,173,767
134,173,772
135,173,776
136,173,763
137,173,780
138,173,761
139,173,776
140,173,757
141,173,774
142,173,769
143,173,777
144,173,777
145,173,761
146,173,773
147,173,769
148,173,761
149,173,777
150,173,780
151,173,765
152,173,775
153,173,769
154,173,780
155,173,762
156,173,764
157,173,763
158,173,767
159,173,778
160,173,770
161,173,770
162,173,766
163,173,776
164,173,761
165,173,772
166,173,765
167,173,765
168,173,755
169,173,770
170,173,765
171,173,763
172,173,776
173,173,763
174,173,779
175,173,768
176,173,780
177,173,768
178,173,766
179,173,774
180,173,768
181,173,770
182,173,769
183,173,771
184,173,770
185,173,770
186,173,769
187,173,771
188,173,767
189,173,767
190,173,777
191,173,761
192,173,770
193,173,765
194,173,771
195,173,762
196,173,767
197,173,760
198,173,763
199,173,758
200,173,761
201,173,768
202,173,771
203,173,772
204,173,778
205,173,770
206,173,776
207,173,765
208,173,776
209,173,760
210,173,767
211,173,773
212,173,780
213,173,765
214,173,764
215,173,779
216,173,763
217,173,775
218,173,768
219,173,767
220,173,770
221,173,767
222,173,762
223,173,761
224,173,778
225,173,763
226,173,766
227,173,762
228,173,766
229,173,768
230,173,769
231,173,772
232,173,756
233,173,759
234,173,762
235,173,773
236,173,766
237,173,763
238,173,772
239,173,765
240,173,774
241,173,766
242,173,769
243,173,767
244,173,769
245,173,777
246,173,767
247,173,783
248,173,758
249,173,776
250,173,772
251,173,767
252,173,781
253,173,755
254,173,776
255,173,771
256,173,761
257,173,764
258,173,770
259,173,765
260,173,765
261,173,769
262,173,763
263,173,766
264,173,761
265,173,765
266,173,771
267,173,764
268,173,774
269,173,751
270,173,780
271,173,766
272,173,774
273,173,772
274,173,760
275,173,778
276,173,762
277,173,771
278,173,783
279,173,766
280,173,774
281,173,756
282,173,769
283,173,778
284,173,771
285,173,766
286,173,768
287,173,764
288,173,766
289,173,775
290,173,764
291,173,775
292,173,767
293,173,769
294,173,758
295,173,763
296,173,773
297,173,764
298,173,769
299,173,770
300,173,763
301,173,767
302,173,765
303,173,765
304,173,779
305,173,771
306,173,767
307,173,763
308,173,769
309,173,769
310,173,773
311,173,776
312,173,766
313,173,772
314,173,779
315,173,762
316,173,776
317,173,771
318,173,770
319,173,774
320,173,779
321,173,771
322,173,770
323,173,765
324,173,772
325,173,760
326,173,779
327,173,773
328,173,759
329,173,782
330,173,753
331,173,765
332,173,769
333,173,758
334,173,768
335,173,760
336,173,768
337,173,765
338,173,765
339,173,762
340,173,778
341,173,765
342,173,765
343,173,756
344,173,766
345,173,770
346,173,765
347,173,769
348,173,744
349,173,768
350,173,742
88,174,762
89,174,768
90,174,756
91,174,765
92,174,764
93,174,763
94,174,757
95,174,764
96,174,767
97,174,758
98,174,773
99,174,762
100,174,772
101,174,760
102,174,755
103,174,771
104,174,772
105,174,762
106,174,760
107,174,761
108,174,763
109,174,762
110,174,767
111,174,746
112,174,764
113,174,762
114,174,773
115,174,765
116,174,765
117,174,762
118,174,772
119,174,772
120,174,767
121,174,765
122,174,759
123,174,762
124,174,762
125,174,758
126,174,766
127,174,761
128,174,764
129,174,770
130,174,750
131,174,777
132,174,754
133,174,776
134,174,750
135,174,763
136,174,769
137,174,759
138,174,768
139,174,764
140,174,763
141,174,764
142,174,765
143,174,766
144,174,772
145,174,750
146,174,769
147,174,758
148,174,760
149,174,753
150,174,768
151,174,761
152,174,765
153,174,768
154,174,751
155,174,776
156,174,754
157,174,768
158,174,763
159,174,762
160,174,766
161,174,757
162,174,763
163,174,762
164,174,768
165,174,756
166,174,771
167,174,751
168,174,777
169,174,755
170,174,756
171,174,771
172,174,750
173,174,774
174,174,759
175,174,773
176,174,764
177,174,764
178,174,768
179,174,765
180,174,764
181,174,777
182,174,770
183,174,764
184,174,764
185,174,742
186,174,779
187,174,761
188,174,760
189,174,765
190,174,749
191,174,783
192,174,754
193,174,771
194,174,764
195,174,758
196,174,773
197,174,752
198,174,777
199,174,754
200,174,772
201,174,761
202,174,758
203,174,758
204,174,765
205,174,753
206,174,759
207,174,768
208,174,766
209,174,767
210,174,766
211,174,758
212,174,776
213,174,763
214,174,778
215,174,761
216,174,767
217,174,768
218,174,767
219,174,771
220,174,769
221,174,768
222,174,768
223,174,766
224,174,768
225,174,775
226,174,749
227,174,769
228,174,764
229,174,765
230,174,774
231,174,760
232,174,772
233,174,753
234,174,767
235,174,778
236,174,755
237,174,772
238,174,758
239,174,760
240,174,771
241,174,765
242,174,767
243,174,775
244,174,762
245,174,766
246,174,764
247,174,762
248,174,772
249,174,755
250,174,765
251,174,764
252,174,761
253,174,766
254,174,760
255,174,772
256,174,770
257,174,758
258,174,772
259,174,763
260,174,765
261,174,772
262,174,751
263,174,768
264,174,765
265,174,752
266,174,771
267,174,771
268,174,770
269,174,765
270,174,751
271,174,777
272,174,757
273,174,773
274,174,758
275,174,764
276,174,769
277,174,776
278,174,771
279,174,763
280,174,766
281,174,755
282,174,773
283,174,766
284,174,770
285,174,764
286,174,769
287,174,782
288,174,759
289,174,774
290,174,759
291,174,763
292,174,765
293,174,757
294,174,771
295,174,757
296,174,772
297,174,763
298,174,765
299,174,771
300,174,778
301,174,771
302,174,767
303,174,762
304,174,766
305,174,775
306,174,762
307,174,773
308,174,762
309,174,764
310,174,783
311,174,756
312,174,778
313,174,767
314,174,769
315,174,771
316,174,776
317,174,770
318,174,761
319,174,767
320,174,758
321,174,767
322,174,763
323,174,778
324,174,767
325,174,768
326,174,770
327,174,766
328,174,778
329,174,764
330,174,776
331,174,756
332,174,767
333,174,769
334,174,772
335,174,777
336,174,762
337,174,779
338,174,768
339,174,780
340,174,765
341,174,778
342,174,767
343,174,773
344,174,772
345,174,765
346,174,771
347,174,763
348,174,762
349,174,755
350,174,778
351,174,769
87,175,773
88,175,766
89,175,776
90,175,771
91,175,758
92,175,773
93,175,758
94,175,769
95,175,756
96,175,768
97,175,764
98,175,756
99,175,774
100,175,755
101,175,765
102,175,766
103,175,775
104,175,765
105,175,757
106,175,765
107,175,778
108,175,769
109,175,764
110,175,776
111,175,771
112,175,762
113,175,772
114,175,760
115,175,773
116,175,755
117,175,774
118,175,763
119,175,760
120,175,762
121,175,762
122,175,767
123,175,770
124,175,767
125,175,769
126,175,774
127,175,774
128,175,770
129,175,774
130,175,769
131,175,766
132,175,760
133,175,765
134,175,769
135,175,770
136,175,776
137,175,767
138,175,768
139,175,769
140,175,766
141,175,766
142,175,772
143,175,770
144,175,778
145,175,763
146,175,766
147,175,775
148,175,762
149,175,777
150,175,753
151,175,762
152,175,764
153,175,764
154,175,773
155,175,764
156,175,765
157,175,765
158,175,767
159,175,758
160,175,765
161,175,767
162,175,764
163,175,767
164,175,776
165,175,770
166,175,766
167,175,766
168,175,774
169,175,769
170,175,765
171,175,769
172,175,759
173,175,771
174,175,765
175,175,757
176,175,762
177,175,768
178,175,773
179,175,756
180,175,771
181,175,769
182,175,764
183,175,772
184,175,761
185,175,780
186,175,754
187,175,770
188,175,755
189,175,772
190,175,765
191,175,761
192,175,770
193,175,753
194,175,762
195,175,765
196,175,766
197,175,763
198,175,762
199,175,761
200,175,765
201,175,765
202,175,757
203,175,764
204,175,755
205,175,779
206,175,756
207,175,759
208,175,763
209,175,767
210,175,773
211,175,756
212,175,768
213,175,763
214,175,759
215,175,765
216,175,756
217,175,776
218,175,765
219,175,775
220,175,751
221,175,765
222,175,761
223,175,764
224,175,761
225,175,756
226,175,776
227,175,758
228,175,770
229,175,773
230,175,749
231,175,776
232,175,755
233,175,775
234,175,760
235,175,765
236,175,767
237,175,762
238,175,764
239,175,765
240,175,764
241,175,757
242,175,771
243,175,759
244,175,771
245,175,762
246,175,760
247,175,770
248,175,758
249,175,780
250,175,763
251,175,774
252,175,774
253,175,762
254,175,768
255,175,761
256,175,772
257,175,757
258,175,761
259,175,765
260,175,765
261,175,766
262,175,761
263,175,769
264,175,759
265,175,762
266,175,760
267,175,772
268,175,773
269,175,755
270,175,767
271,175,766
272,175,765
273,175,770
274,175,765
275,175,781
276,175,759
277,175,776
278,175,766
279,175,768
280,175,769
281,175,758
282,175,749
283,175,773
284,175,764
285,175,759
286,175,763
287,175,764
288,175,769
289,175,759
290,175,760
291,175,777
292,175,762
293,175,772
294,175,767
295,175,755
296,175,769
297,175,756
298,175,763
299,175,767
300,175,772
301,175,764
302,175,760
303,175,775
304,175,769
305,175,753
306,175,765
307,175,768
308,175,770
309,175,772
310,175,763
311,175,770
312,175,771
313,175,774
314,175,765
315,175,769
316,175,776
317,175,760
318,175,766
319,175,773
320,175,762
321,175,775
322,175,771
323,175,758
324,175,762
325,175,757
326,175,762
327,175,765
328,175,767
329,175,775
330,175,770
331,175,777
332,175,771
333,175,761
334,175,761
335,175,756
336,175,762
337,175,780
338,175,767
339,175,776
340,175,764
341,175,772
342,175,771
343,175,756
344,175,783
345,175,759
346,175,782
347,175,764
348,175,784
349,175,778
350,175,759
351,175,779
352,175,760
87,176,759
88,176,767
89,176,776
90,176,772
91,176,761
92,176,761
93,176,768
94,176,774
95,176,759
96,176,767
97,176,757
98,176,780
99,176,763
100,176,775
101,176,765
102,176,772
103,176,770
104,176,756
105,176,772
106,176,766
107,176,772
108,176,768
109,176,765
110,176,767
111,176,756
112,176,775
113,176,765
114,176,788
115,176,764
116,176,782
117,176,777
118,176,774
119,176,775
120,176,770
121,176,773
122,176,774
123,176,759
124,176,771
125,176,759
126,176,769
127,176,761
128,176,766
129,176,766
130,176,769
131,176,776
132,176,758
133,176,774
134,176,751
135,176,759
136,176,767
137,176,762
138,176,762
139,176,764
140,176,771
141,176,778
142,176,754
143,176,767
144,176,762
145,176,769
146,176,769
147,176,756
148,176,778
149,176,758
150,176,776
151,176,762
152,176,766
153,176,773
154,176,755
155,176,774
156,176,766
157,176,766
158,176,769
159,176,762
160,176,756
161,176,763
162,176,762
163,176,784
164,176,759
165,176,777
166,176,766
167,176,751
168,176,769
169,176,750
170,176,777
171,176,763
172,176,778
173,176,762
174,176,765
175,176,761
176,176,763
177,176,772
178,176,759
179,176,764
180,176,765
181,176,760
182,176,756
183,176,781
184,176,759
185,176,768
186,176,767
187,176,750
188,176,780
189,176,754
190,176,764
191,176,761
192,176,766
193,176,774
194,176,762
195,176,765
196,176,766
197,176,767
198,176,774
199,176,766
200,176,759
201,176,773
202,176,761
203,176,754
204,176,775
205,176,763
206,176,771
207,176,757
208,176,775
209,176,778
210,176,765
211,176,775
212,176,765
213,176,783
214,176,759
215,176,760
216,176,773
217,176,768
218,176,774
219,176,769
220,176,769
221,176,779
222,176,778
223,176,765
224,176,771
225,176,758
226,176,761
227,176,776
228,176,764
229,176,779
230,176,766
231,176,766
232,176,770
233,176,751
234,176,771
235,176,756
236,176,769
237,176,769
238,176,769
239,176,765
240,176,763
241,176,766
242,176,763
243,176,767
244,176,768
245,176,767
246,176,770
247,176,758
248,176,769
249,176,756
250,176,774
251,176,764
252,176,770
253,176,764
254,176,762
255,176,774
256,176,756
257,176,770
258,176,761
259,176,761
260,176,774
261,176,776
262,176,758
263,176,771
264,176,775
265,176,765
266,176,771
267,176,758
268,176,776
269,176,770
270,176,768
271,176,757
272,176,770
273,176,779
274,176,761
275,176,768
276,176,766
277,176,766
278,176,772
279,176,767
280,176,772
281,176,761
282,176,762
283,176,770
284,176,753
285,176,763
286,176,772
287,176,768
288,176,762
289,176,777
290,176,765
291,176,776
292,176,756
293,176,765
294,176,767
295,176,759
296,176,762
297,176,778
298,176,769
299,176,762
300,176,772
301,176,767
302,176,765
303,176,772
304,176,750
305,176,774
306,176,756
307,176,758
308,176,756
309,176,761
310,176,768
311,176,770
312,176,771
313,176,766
314,176,768
315,176,777
316,176,770
317,176,762
318,176,767
319,176,766
320,176,767
321,176,772
322,176,763
323,176,777
324,176,750
325,176,774
326,176,750
327,176,756
328,176,764
329,176,763
330,176,765
331,176,758
332,176,776
333,176,754
334,176,765
335,176,765
336,176,771
337,176,780
338,176,768
339,176,766
340,176,771
341,176,773
342,176,759
343,176,767
344,176,763
345,176,758
346,176,765
347,176,763
348,176,764
349,176,756
350,176,772
351,176,770
352,176,764
353,176,773
87,177,760
88,177,769
89,177,761
90,177,765
91,177,762
92,177,769
93,177,764
94,177,770
95,177,757
96,177,768
97,177,759
98,177,760
99,177,762
100,177,765
101,177,761
102,177,772
103,177,754
104,177,764
105,177,763
106,177,755
107,177,750
108,177,760
109,177,757
110,177,759
111,177,765
112,177,756
113,177,767
114,177,767
115,177,760
116,177,761
117,177,764
118,177,765
119,177,762
120,177,757
121,177,769
122,177,754
123,177,768
124,177,764
125,177,765
126,177,758
127,177,758
128,177,765
129,177,765
130,177,773
131,177,763
132,177,774
133,177,755
134,177,771
135,177,761
136,177,755
137,177,765
138,177,768
139,177,779
140,177,772
141,177,766
142,177,756
143,177,765
144,177,762
145,177,766
146,177,768
147,177,758
148,177,759
149,177,761
150,177,768
151,177,766
152,177,757
153,177,765
154,177,765
155,177,761
156,177,773
157,177,767
158,177,759
159,177,763
160,177,765
161,177,764
162,177,759
163,177,757
164,177,766
165,177,756
166,177,759
167,177,774
168,177,766
169,177,768
170,177,760
171,177,760
172,177,763
173,177,764
174,177,772
175,177,763
176,177,764
177,177,763
178,177,765
179,177,769
180,177,768
181,177,764
182,177,768
183,177,763
184,177,764
185,177,772
186,177,765
187,177,776
188,177,771
189,177,766
190,177,775
191,177,778
192,177,773
193,177,762
194,177,764
195,177,770
196,177,767
197,177,765
198,177,770
199,177,762
200,177,775
201,177,757
202,177,755
203,177,761
204,177,754
205,177,773
206,177,764
207,177,761
208,177,768
209,177,761
210,177,771
211,177,767
212,177,753
213,177,772
214,177,765
215,177,761
216,177,774
217,177,762
218,177,776
219,177,751
220,177,756
221,177,767
222,177,764
223,177,771
224,177,761
225,177,770
226,177,785
227,177,761
228,177,772
229,177,764
230,177,765
231,177,768
232,177,767
233,177,773
234,177,764
235,177,766
236,177,763
237,177,773
238,177,764
239,177,770
240,177,764
241,177,774
242,177,770
243,177,770
244,177,778
245,177,752
246,177,773
247,177,766
248,177,764
249,177,778
250,177,758
251,177,770
252,177,758
253,177,770
254,177,767
255,177,773
256,177,770
257,177,765
258,177,767
259,177,756
260,177,777
261,177,762
262,177,770
263,177,761
264,177,753
265,177,779
266,177,759
267,177,777
268,177,755
269,177,764
270,177,773
271,177,758
272,177,769
273,177,768
274,177,767
275,177,762
276,177,757
277,177,781
278,177,778
279,177,772
280,177,772
281,177,772
282,177,760
283,177,775
284,177,764
285,177,782
286,177,772
287,177,768
288,177,780
289,177,758
290,177,774
291,177,762
292,177,767
293,177,777
294,177,756
295,177,772
296,177,772
297,177,762
298,177,770
299,177,767
300,177,769
301,177,768
302,177,754
303,177,762
304,177,772
305,177,762
306,177,778
307,177,757
308,177,769
309,177,764
310,177,763
311,177,770
312,177,756
313,177,769
314,177,768
315,177,753
316,177,778
317,177,764
318,177,762
319,177,780
320,177,771
321,177,777
322,177,773
323,177,768
324,177,773
325,177,760
326,177,780
327,177,767
328,177,770
329,177,776
330,177,756
331,177,762
332,177,765
333,177,781
334,177,782
335,177,760
336,177,772
337,177,776
338,177,767
339,177,778
340,177,762
341,177,770
342,177,764
343,177,771
344,177,775
345,177,763
346,177,776
347,177,766
348,177,790
349,177,765
350,177,780
351,177,783
352,177,763
353,177,765
86,178,758
87,178,761
88,178,766
89,178,763
90,178,757
91,178,773
92,178,762
93,178,771
94,178,771
95,178,761
96,178,778
97,178,754
98,178,778
99,178,755
100,178,774
101,178,763
102,178,776
103,178,767
104,178,771
105,178,778
106,178,770
107,178,768
108,178,761
109,178,777
110,178,775
111,178,760
112,178,765
113,178,759
114,178,778
115,178,757
116,178,765
117,178,766
118,178,769
119,178,769
120,178,773
121,178,777
122,178,769
123,178,771
124,178,769
125,178,762
126,178,768
127,178,767
128,178,767
129,178,767
130,178,758
131,178,768
132,178,755
133,178,769
134,178,769
135,178,765
136,178,767
137,178,759
138,178,774
139,178,758
140,178,772
141,178,766
142,178,760
143,178,777
144,178,770
145,178,776
146,178,775
147,178,766
148,178,783
149,178,767
150,178,786
151,178,776
152,178,767
153,178,776
154,178,757
155,178,776
156,178,765
157,178,780
158,178,768
159,178,760
160,178,784
161,178,768
162,178,766
163,178,775
164,178,771
165,178,766
166,178,756
167,178,777
168,178,772
169,178,756
170,178,769
171,178,763
172,178,772
173,178,768
174,178,766
175,178,769
176,178,761
177,178,770
178,178,774
179,178,758
180,178,774
181,178,762
182,178,772
183,178,760
184,178,757
185,178,767
186,178,764
187,178,758
188,178,779
189,178,756
190,178,770
191,178,783
192,178,769
193,178,769
194,178,768
195,178,767
196,178,784
197,178,759
198,178,768
199,178,771
200,178,773
201,178,773
202,178,765
203,178,765
204,178,764
205,178,776
206,178,769
207,178,766
208,178,763
209,178,764
210,178,766
211,178,769
212,178,756
213,178,774
214,178,767
215,178,775
216,178,778
217,178,765
218,178,775
219,178,758
220,178,761
221,178,753
222,178,761
223,178,763
224,178,769
225,178,762
226,178,760
227,178,767
228,178,756
229,178,772
230,178,771
231,178,773
232,178,776
233,178,767
234,178,765
235,178,773
236,178,770
237,178,775
238,178,770
239,178,771
240,178,770
241,178,773
242,178,766
243,178,766
244,178,773
245,178,771
246,178,763
247,178,775
248,178,762
249,178,771
250,178,770
251,178,757
252,178,761
253,178,768
254,178,772
255,178,779
256,178,765
257,178,765
258,178,772
259,178,755
260,178,772
261,178,767
262,178,765
263,178,778
264,178,770
265,178,768
266,178,769
267,178,760
268,178,757
269,178,760
270,178,766
271,178,766
272,178,767
273,178,766
274,178,766
275,178,761
276,178,759
277,178,769
278,178,766
279,178,770
280,178,769
281,178,772
282,178,780
283,178,767
284,178,759
285,178,769
286,178,767
287,178,773
288,178,768
289,178,777
290,178,777
291,178,764
292,178,775
293,178,767
294,178,772
295,178,769
296,178,764
297,178,769
298,178,769
299,178,761
300,178,772
301,178,765
302,178,767
303,178,764
304,178,767
305,178,773
306,178,761
307,178,771
308,178,768
309,178,774
310,178,768
311,178,753
312,178,775
313,178,769
314,178,783
315,178,768
316,178,764
317,178,768
318,178,762
319,178,763
320,178,765
321,178,774
322,178,768
323,178,774
324,178,754
325,178,768
326,178,770
327,178,762
328,178,768
329,178,762
330,178,768
331,178,757
332,178,763
333,178,772
334,178,767
335,178,768
336,178,765
337,178,761
338,178,777
339,178,761
340,178,775
341,178,766
342,178,762
343,178,781
344,178,760
345,178,777
346,178,758
347,178,771
348,178,779
349,178,764
350,178,784
351,178,765
352,178,780
353,178,773
354,178,761
86,179,770
87,179,777
88,179,763
89,179,773
90,179,773
91,179,770
92,179,763
93,179,777
94,179,768
95,179,773
96,179,752
97,179,769
98,179,765
99,179,767
100,179,775
101,179,772
102,179,775
103,179,763
104,179,774
105,179,769
106,179,774
107,179,762
108,179,763
109,179,753
110,179,771
111,179,773
112,179,778
113,179,770
114,179,778
115,179,777
116,179,785
117,179,779
118,179,769
119,179,759
120,179,767
121,179,763
122,179,766
123,179,782
124,179,778
125,179,768
126,179,771
127,179,781
128,179,781
129,179,782
130,179,774
131,179,777
132,179,770
133,179,781
134,179,775
135,179,767
136,179,771
137,179,777
138,179,785
139,179,759
140,179,775
141,179,760
142,179,777
143,179,766
144,179,770
145,179,783
146,179,754
147,179,773
148,179,760
149,179,775
150,179,764
151,179,766
152,179,782
153,179,767
154,179,772
155,179,771
156,179,766
157,179,775
158,179,775
159,179,772
160,179,772
161,179,764
162,179,780
163,179,766
164,179,777
165,179,765
166,179,767
167,179,776
168,179,763
169,179,784
170,179,762
171,179,788
172,179,759
173,179,766
174,179,784
175,179,774
176,179,771
177,179,767
178,179,769
179,179,775
180,179,773
181,179,767
182,179,762
183,179,771
184,179,760
185,179,777
186,179,762
187,179,778
188,179,767
189,179,773
190,179,779
191,179,763
192,179,773
193,179,759
194,179,772
195,179,769
196,179,765
197,179,781
198,179,769
199,179,772
200,179,776
201,179,760
202,179,765
203,179,768
204,179,765
205,179,770
206,179,759
207,179,766
208,179,778
209,179,777
210,179,776
211,179,773
212,179,771
213,179,769
214,179,759
215,179,785
216,179,775
217,179,777
218,179,781
219,179,768
220,179,781
221,179,767
222,179,765
223,179,775
224,179,765
225,179,777
226,179,771
227,179,782
228,179,787
229,179,766
230,179,765
231,179,768
232,179,767
233,179,781
234,179,775
235,179,768
236,179,777
237,179,756
238,179,779
239,179,777
240,179,773
241,179,767
242,179,771
243,179,769
244,179,774
245,179,762
246,179,761
247,179,764
248,179,757
249,179,783
250,179,773
251,179,780
252,179,779
253,179,770
254,179,781
255,179,773
256,179,768
257,179,775
258,179,771
259,179,776
260,179,779
261,179,762
262,179,783
263,179,761
264,179,775
265,179,774
266,179,765
267,179,783
268,179,766
269,179,776
270,179,774
271,179,763
272,179,779
273,179,763
274,179,782
275,179,773
276,179,779
277,179,779
278,179,775
279,179,776
280,179,778
281,179,762
282,179,782
283,179,774
284,179,770
285,179,783
286,179,780
287,179,780
288,179,772
289,179,771
290,179,776
291,179,772
292,179,765
293,179,784
294,179,766
295,179,771
296,179,776
297,179,772
298,179,776
299,179,771
300,179,764
301,179,770
302,179,766
303,179,768
304,179,779
305,179,775
306,179,777
307,179,760
308,179,777
309,179,771
310,179,775
311,179,783
312,179,767
313,179,782
314,179,766
315,179,774
316,179,776
317,179,766
318,179,774
319,179,771
320,179,774
321,179,789
322,179,772
323,179,776
324,179,771
325,179,782
326,179,787
327,179,764
328,179,781
329,179,781
330,179,770
331,179,781
332,179,781
333,179,786
334,179,786
335,179,793
336,179,778
337,179,794
338,179,787
339,179,762
340,179,780
341,179,775
342,179,770
343,179,776
344,179,775
345,179,774
346,179,767
347,179,769
348,179,769
349,179,786
350,179,775
351,179,774
352,179,780
353,179,770
354,179,769
355,179,771
86,180,771
87,180,765
88,180,769
89,180,767
90,180,767
91,180,771
92,180,753
93,180,773
94,180,765
95,180,781
96,180,765
97,180,766
98,180,774
99,180,768
100,180,777
101,180,767
102,180,764
103,180,758
104,180,778
105,180,763
106,180,772
107,180,770
108,180,768
109,180,761
110,180,760
111,180,771
112,180,763
113,180,755
114,180,770
115,180,763
116,180,766
117,180,756
118,180,766
119,180,765
120,180,755
121,180,772
122,180,757
123,180,771
124,180,766
125,180,761
126,180,778
127,180,770
128,180,770
129,180,759
130,180,767
131,180,770
132,180,763
133,180,770
134,180,762
135,180,770
136,180,769
137,180,760
138,180,770
139,180,756
140,180,784
141,180,765
142,180,768
143,180,763
144,180,763
145,180,766
146,180,767
147,180,776
148,180,762
149,180,764
150,180,773
151,180,763
152,180,779
153,180,769
154,180,768
155,180,775
156,180,762
157,180,770
158,180,762
159,180,775
160,180,770
161,180,766
162,180,773
163,180,768
164,180,765
165,180,779
166,180,769
167,180,770
168,180,771
169,180,763
170,180,771
171,180,766
172,180,760
173,180,767
174,180,766
175,180,769
176,180,767
177,180,771
178,180,761
179,180,766
180,180,768
181,180,767
182,180,764
183,180,770
184,180,764
185,180,773
186,180,760
187,180,771
188,180,766
189,180,755
190,180,771
191,180,759
192,180,768
193,180,764
194,180,756
195,180,770
196,180,764
197,180,770
198,180,760
199,180,769
200,180,768
201,180,772
202,180,772
203,180,772
204,180,761
205,180,755
206,180,767
207,180,754
208,180,763
209,180,760
210,180,768
211,180,768
212,180,765
213,180,784
214,180,762
215,180,780
216,180,754
217,180,767
218,180,762
219,180,760
220,180,771
221,180,755
222,180,763
223,180,754
224,180,771
225,180,764
226,180,765
227,180,781
228,180,760
229,180,763
230,180,756
231,180,767
232,180,764
233,180,758
234,180,776
235,180,753
236,180,770
237,180,761
238,180,771
239,180,764
240,180,768
241,180,769
242,180,764
243,180,772
244,180,763
245,180,760
246,180,768
247,180,769
248,180,769
249,180,756
250,180,763
251,180,758
252,180,772
253,180,763
254,180,764
255,180,765
256,180,757
257,180,767
258,180,760
259,180,765
260,180,761
261,180,758
262,180,770
263,180,770
264,180,776
265,180,753
266,180,778
267,180,767
268,180,764
269,180,775
270,180,752
271,180,776
272,180,764
273,180,772
274,180,766
275,180,755
276,180,776
277,180,760
278,180,772
279,180,776
280,180,776
281,180,773
282,180,769
283,180,770
284,180,769
285,180,762
286,180,759
287,180,778
288,180,765
289,180,778
290,180,764
291,180,762
292,180,771
293,180,762
294,180,772
295,180,763
296,180,775
297,180,770
298,180,766
299,180,766
300,180,761
301,180,772
302,180,755
303,180,774
304,180,774
305,180,772
306,180,764
307,180,769
308,180,767
309,180,776
310,180,776
311,180,769
312,180,758
313,180,769
314,180,757
315,180,766
316,180,757
317,180,769
318,180,767
319,180,757
320,180,760
321,180,764
322,180,766
323,180,771
324,180,764
325,180,764
326,180,760
327,180,761
328,180,771
329,180,768
330,180,757
331,180,762
332,180,773
333,180,779
334,180,776
335,180,784
336,180,771
337,180,777
338,180,777
339,180,759
340,180,772
341,180,765
342,180,758
343,180,766
344,180,763
345,180,770
346,180,753
347,180,775
348,180,771
349,180,771
350,180,766
351,180,774
352,180,767
353,180,758
354,180,761
355,180,751
356,180,762
85,181,760
86,181,758
87,181,767
88,181,769
89,181,769
90,181,767
91,181,757
92,181,760
93,181,762
94,181,764
95,181,766
96,181,750
97,181,762
98,181,767
99,181,778
100,181,758
101,181,767
102,181,768
103,181,777
104,181,764
105,181,765
106,181,772
107,181,763
108,181,771
109,181,769
110,181,775
111,181,762
112,181,770
113,181,773
114,181,762
115,181,763
116,181,771
117,181,770
118,181,773
119,181,768
120,181,763
121,181,769
122,181,765
123,181,763
124,181,762
125,181,766
126,181,761
127,181,768
128,181,757
129,181,764
130,181,773
131,181,759
132,181,775
133,181,767
134,181,764
135,181,767
136,181,768
137,181,768
138,181,767
139,181,758
140,181,771
141,181,768
142,181,775
143,181,764
144,181,771
145,181,776
146,181,767
147,181,771
148,181,756
149,181,775
150,181,767
151,181,773
152,181,756
153,181,761
154,181,774
155,181,754
156,181,769
157,181,760
158,181,769
159,181,762
160,181,760
161,181,767
162,181,770
163,181,763
164,181,763
165,181,759
166,181,756
167,181,764
168,181,762
169,181,765
170,181,752
171,181,773
172,181,762
173,181,764
174,181,767
175,181,759
176,181,768
177,181,760
178,181,762
179,181,761
180,181,757
181,181,754
182,181,769
183,181,760
184,181,766
185,181,769
186,181,761
187,181,770
188,181,751
189,181,775
190,181,772
191,181,759
192,181,764
193,181,753
194,181,781
195,181,755
196,181,766
197,181,774
198,181,772
199,181,777
200,181,767
201,181,766
202,181,764
203,181,773
204,181,760
205,181,771
206,181,764
207,181,782
208,181,765
209,181,767
210,181,774
211,181,760
212,181,774
213,181,763
214,181,765
215,181,769
216,181,769
217,181,776
218,181,751
219,181,770
220,181,765
221,181,771
222,181,769
223,181,772
224,181,770
225,181,778
226,181,777
227,181,771
228,181,771
229,181,765
230,181,765
231,181,754
232,181,768
233,181,768
234,181,747
235,181,766
236,181,761
237,181,748
238,181,764
239,181,766
240,181,763
241,181,761
242,181,762
243,181,766
244,181,767
245,181,754
246,181,776
247,181,762
248,181,764
249,181,760
250,181,753
251,181,765
252,181,756
253,181,762
254,181,763
255,181,759
256,181,766
257,181,757
258,181,756
259,181,767
260,181,767
261,181,770
262,181,753
263,181,757
264,181,770
265,181,764
266,181,771
267,181,766
268,181,761
269,181,770
270,181,761
271,181,763
272,181,766
273,181,756
274,181,775
275,181,756
276,181,766
277,181,760
278,181,768
279,181,758
280,181,762
281,181,756
282,181,761
283,181,772
284,181,749
285,181,769
286,181,760
287,181,757
288,181,771
289,181,762
290,181,768
291,181,754
292,181,768
293,181,768
294,181,758
295,181,762
296,181,769
297,181,763
298,181,758
299,181,767
300,181,758
301,181,764
302,181,761
303,181,766
304,181,756
305,181,755
306,181,773
307,181,755
308,181,775
309,181,748
310,181,764
311,181,769
312,181,758
313,181,779
314,181,755
315,181,778
316,181,753
317,181,762
318,181,763
319,181,761
320,181,773
321,181,756
322,181,773
323,181,755
324,181,765
325,181,767
326,181,763
327,181,763
328,181,760
329,181,766
330,181,763
331,181,774
332,181,764
333,181,767
334,181,765
335,181,776
336,181,771
337,181,780
338,181,770
339,181,768
340,181,772
341,181,759
342,181,769
343,181,762
344,181,782
345,181,772
346,181,775
347,181,781
348,181,763
349,181,770
350,181,768
351,181,780
352,181,764
353,181,765
354,181,761
355,181,768
356,181,767
85,182,772
86,182,748
87,182,765
88,182,765
89,182,774
90,182,758
91,182,772
92,182,758
93,182,777
94,182,749
95,182,768
96,182,746
97,182,767
98,182,751
99,182,761
100,182,760
101,182,774
102,182,769
103,182,765
104,182,755
105,182,762
106,182,764
107,182,771
108,182,757
109,182,763
110,182,751
111,182,771
112,182,773
113,182,762
114,182,767
115,182,756
116,182,782
117,182,750
118,182,774
119,182,764
120,182,779
121,182,769
122,182,766
123,182,771
124,182,764
125,182,764
126,182,774
127,182,774
128,182,771
129,182,770
130,182,777
131,182,774
132,182,755
133,182,768
134,182,758
135,182,769
136,182,758
137,182,773
138,182,753
139,182,772
140,182,764
141,182,772
142,182,760
143,182,764
144,182,763
145,182,765
146,182,766
147,182,753
148,182,768
149,182,759
150,182,770
151,182,762
152,182,773
153,182,766
154,182,760
155,182,772
156,182,765
157,182,767
158,182,782
159,182,761
160,182,764
161,182,754
162,182,764
163,182,771
164,182,764
165,182,764
166,182,766
167,182,768
168,182,764
169,182,766
170,182,768
171,182,775
172,182,772
173,182,764
174,182,761
175,182,779
176,182,768
177,182,773
178,182,764
179,182,758
180,182,765
181,182,765
182,182,773
183,182,766
184,182,761
185,182,769
186,182,757
187,182,763
188,182,763
189,182,761
190,182,762
191,182,760
192,182,765
193,182,756
194,182,762
195,182,751
196,182,781
197,182,761
198,182,764
199,182,761
200,182,748
201,182,775
202,182,762
203,182,772
204,182,770
205,182,767
206,182,769
207,182,749
208,182,764
209,182,770
210,182,763
211,182,771
212,182,766
213,182,770
214,182,752
215,182,759
216,182,749
217,182,757
218,182,763
219,182,762
220,182,762
221,182,765
222,182,784
223,182,763
224,182,775
225,182,758
226,182,779
227,182,767
228,182,768
229,182,780
230,182,759
231,182,783
232,182,770
233,182,773
234,182,767
235,182,769
236,182,774
237,182,764
238,182,767
239,182,758
240,182,765
241,182,757
242,182,760
243,182,773
244,182,754
245,182,772
246,182,764
247,182,778
248,182,772
249,182,766
250,182,781
251,182,766
252,182,774
253,182,761
254,182,758
255,182,759
256,182,758
257,182,762
258,182,767
259,182,762
260,182,760
261,182,771
262,182,758
263,182,769
264,182,769
265,182,766
266,182,782
267,182,757
268,182,778
269,182,763
270,182,775
271,182,760
272,182,757
273,182,770
274,182,766
275,182,772
276,182,769
277,182,768
278,182,764
279,182,758
280,182,761
281,182,768
282,182,780
283,182,770
284,182,763
285,182,744
286,182,777
287,182,761
288,182,755
289,182,776
290,182,755
291,182,774
292,182,764
293,182,771
294,182,764
295,182,772
296,182,771
297,182,762
298,182,766
299,182,764
300,182,776
301,182,763
302,182,776
303,182,766
304,182,759
305,182,762
306,182,771
307,182,770
308,182,759
309,182,769
310,182,767
311,182,771
312,182,770
313,182,764
314,182,781
315,182,773
316,182,768
317,182,778
318,182,769
319,182,775
320,182,760
321,182,765
322,182,774
323,182,760
324,182,775
325,182,767
326,182,761
327,182,771
328,182,768
329,182,765
330,182,768
331,182,764
332,182,765
333,182,771
334,182,771
335,182,777
336,182,772
337,182,768
338,182,778
339,182,767
340,182,775
341,182,774
342,182,767
343,182,780
344,182,785
345,182,775
346,182,773
347,182,781
348,182,768
349,182,770
350,182,763
351,182,768
352,182,768
353,182,766
354,182,768
355,182,763
356,182,768
357,182,772
85,183,771
86,183,761
87,183,773
88,183,758
89,183,758
90,183,769
91,183,775
92,183,759
93,183,772
94,183,770
95,183,758
96,183,769
97,183,755
98,183,768
99,183,765
100,183,773
101,183,766
102,183,767
103,183,763
104,183,772
105,183,766
106,183,774
107,183,770
108,183,769
109,183,758
110,183,768
111,183,756
112,183,760
113,183,754
114,183,757
115,183,757
116,183,765
117,183,759
118,183,773
119,183,754
120,183,760
121,183,748
122,183,768
123,183,749
124,183,765
125,183,762
126,183,763
127,183,773
128,183,751
129,183,776
130,183,754
131,183,772
132,183,754
133,183,759
134,183,767
135,183,772
136,183,772
137,183,763
138,183,758
139,183,754
140,183,759
141,183,769
142,183,769
143,183,767
144,183,762
145,183,760
146,183,777
147,183,768
148,183,769
149,183,767
150,183,766
151,183,772
152,183,754
153,183,765
154,183,759
155,183,761
156,183,763
157,183,774
158,183,767
159,183,760
160,183,769
161,183,752
162,183,772
163,183,746
164,183,760
165,183,764
166,183,773
167,183,755
168,183,770
169,183,758
170,183,759
171,183,771
172,183,760
173,183,773
174,183,753
175,183,759
176,183,759
177,183,764
178,183,764
179,183,770
180,183,762
181,183,759
182,183,764
183,183,764
184,183,767
185,183,757
186,183,773
187,183,768
188,183,755
189,183,768
190,183,754
191,183,778
192,183,760
193,183,759
194,183,766
195,183,760
196,183,768
197,183,761
198,183,767
199,183,751
200,183,762
201,183,764
202,183,763
203,183,756
204,183,764
205,183,771
206,183,775
207,183,779
208,183,764
209,183,763
210,183,770
211,183,762
212,183,764
213,183,761
214,183,766
215,183,758
216,183,762
217,183,768
218,183,758
219,183,764
220,183,759
221,183,758
222,183,761
223,183,762
224,183,761
225,183,768
226,183,772
227,183,767
228,183,765
229,183,758
230,183,768
231,183,761
232,183,763
233,183,767
234,183,765
235,183,770
236,183,761
237,183,756
238,183,770
239,183,759
240,183,770
241,183,770
242,183,769
243,183,767
244,183,762
245,183,766
246,183,755
247,183,772
248,183,769
249,183,756
250,183,770
251,183,764
252,183,771
253,183,766
254,183,758
255,183,769
256,183,771
257,183,772
258,183,758
259,183,759
260,183,758
261,183,763
262,183,760
263,183,762
264,183,774
265,183,763
266,183,767
267,183,766
268,183,765
269,183,769
270,183,765
271,183,765
272,183,767
273,183,769
274,183,765
275,183,766
276,183,770
277,183,766
278,183,767
279,183,772
280,183,772
281,183,755
282,183,774
283,183,770
284,183,763
285,183,777
286,183,754
287,183,766
288,183,757
289,183,770
290,183,777
291,183,761
292,183,775
293,183,762
294,183,775
295,183,759
296,183,767
297,183,753
298,183,762
299,183,761
300,183,756
301,183,766
302,183,757
303,183,768
304,183,753
305,183,770
306,183,767
307,183,765
308,183,767
309,183,759
310,183,769
311,183,758
312,183,770
313,183,762
314,183,774
315,183,763
316,183,772
317,183,772
318,183,754
319,183,771
320,183,765
321,183,781
322,183,767
323,183,773
324,183,778
325,183,755
326,183,772
327,183,760
328,183,773
329,183,760
330,183,766
331,183,770
332,183,772
333,183,767
334,183,762
335,183,762
336,183,766
337,183,762
338,183,761
339,183,769
340,183,756
341,183,767
342,183,760
343,183,776
344,183,768
345,183,777
346,183,776
347,183,766
348,183,777
349,183,762
350,183,766
351,183,765
352,183,765
353,183,761
354,183,759
355,183,758
356,183,761
357,183,767
358,183,759
84,184,767
85,184,763
86,184,756
87,184,762
88,184,759
89,184,765
90,184,762
91,184,765
92,184,759
93,184,777
94,184,757
95,184,782
96,184,765
97,184,764
98,184,763
99,184,772
100,184,759
101,184,764
102,184,753
103,184,769
104,184,771
105,184,770
106,184,769
107,184,780
108,184,758
109,184,775
110,184,753
111,184,775
112,184,758
113,184,777
114,184,761
115,184,770
116,184,771
117,184,776
118,184,765
119,184,757
120,184,772
121,184,770
122,184,770
123,184,762
124,184,766
125,184,767
126,184,770
127,184,760
128,184,770
129,184,767
130,184,766
131,184,772
132,184,758
133,184,762
134,184,759
135,184,769
136,184,776
137,184,768
138,184,762
139,184,770
140,184,769
141,184,766
142,184,766
143,184,766
144,184,760
145,184,775
146,184,757
147,184,762
148,184,766
149,184,763
150,184,766
151,184,757
152,184,772
153,184,758
154,184,773
155,184,767
156,184,771
157,184,768
158,184,767
159,184,765
160,184,767
161,184,773
162,184,780
163,184,770
164,184,772
165,184,769
166,184,775
167,184,781
168,184,761
169,184,774
170,184,758
171,184,766
172,184,761
173,184,773
174,184,761
175,184,766
176,184,778
177,184,765
178,184,774
179,184,760
180,184,772
181,184,766
182,184,768
183,184,761
184,184,771
185,184,781
186,184,761
187,184,764
188,184,768
189,184,765
190,184,770
191,184,770
192,184,774
193,184,780
194,184,776
195,184,768
196,184,769
197,184,759
198,184,779
199,184,749
200,184,766
201,184,772
202,184,756
203,184,777
204,184,761
205,184,773
206,184,767
207,184,776
208,184,776
209,184,755
210,184,764
211,184,764
212,184,768
213,184,762
214,184,765
215,184,771
216,184,768
217,184,773
218,184,769
219,184,767
220,184,755
221,184,775
222,184,762
223,184,760
224,184,778
225,184,757
226,184,778
227,184,758
228,184,762
229,184,766
230,184,759
231,184,769
232,184,768
233,184,775
234,184,765
235,184,778
236,184,760
237,184,773
238,184,766
239,184,766
240,184,768
241,184,756
242,184,779
243,184,756
244,184,774
245,184,766
246,184,763
247,184,774
248,184,761
249,184,773
250,184,769
251,184,764
252,184,767
253,184,763
254,184,769
255,184,756
256,184,772
257,184,779
258,184,760
259,184,770
260,184,770
261,184,765
262,184,763
263,184,773
264,184,765
265,184,768
266,184,761
267,184,767
268,184,772
269,184,764
270,184,766
271,184,763
272,184,767
273,184,765
274,184,764
275,184,770
276,184,763
277,184,760
278,184,768
279,184,766
280,184,767
281,184,764
282,184,768
283,184,770
284,184,769
285,184,764
286,184,758
287,184,759
288,184,762
289,184,766
290,184,763
291,184,766
292,184,765
293,184,757
294,184,771
295,184,758
296,184,771
297,184,771
298,184,760
299,184,777
300,184,755
301,184,775
302,184,766
303,184,754
304,184,761
305,184,756
306,184,765
307,184,765
308,184,766
309,184,766
310,184,768
311,184,776
312,184,758
313,184,768
314,184,769
315,184,772
316,184,768
317,184,785
318,184,762
319,184,773
320,184,772
321,184,771
322,184,774
323,184,763
324,184,788
325,184,761
326,184,788
327,184,755
328,184,767
329,184,765
330,184,768
331,184,771
332,184,754
333,184,770
334,184,758
335,184,790
336,184,752
337,184,771
338,184,765
339,184,763
340,184,777
341,184,760
342,184,773
343,184,766
344,184,780
345,184,779
346,184,775
347,184,769
348,184,770
349,184,771
350,184,754
351,184,771
352,184,772
353,184,768
354,184,756
355,184,774
356,184,758
357,184,779
358,184,762
359,184,769
84,185,761
85,185,766
86,185,761
87,185,776
88,185,766
89,185,771
90,185,767
91,185,764
92,185,764
93,185,766
94,185,759
95,185,774
96,185,760
97,185,765
98,185,765
99,185,768
100,185,759
101,185,785
102,185,754
103,185,771
104,185,758
105,185,768
106,185,758
107,185,774
108,185,758
109,185,755
110,185,762
111,185,771
112,185,771
113,185,755
114,185,771
115,185,756
116,185,755
117,185,773
118,185,760
119,185,765
120,185,763
121,185,749
122,185,775
123,185,757
124,185,768
125,185,739
126,185,763
127,185,752
128,185,770
129,185,774
130,185,762
131,185,773
132,185,764
133,185,777
134,185,764
135,185,778
136,185,754
137,185,776
138,185,753
139,185,771
140,185,763
141,185,768
142,185,764
143,185,761
144,185,769
145,185,760
146,185,774
147,185,750
148,185,779
149,185,757
150,185,772
151,185,759
152,185,767
153,185,772
154,185,764
155,185,769
156,185,763
157,185,764
158,185,754
159,185,770
160,185,765
161,185,779
162,185,759
163,185,780
164,185,774
165,185,766
166,185,777
167,185,757
168,185,771
169,185,755
170,185,770
171,185,771
172,185,759
173,185,777
174,185,757
175,185,771
176,185,760
177,185,767
178,185,761
179,185,766
180,185,765
181,185,770
182,185,763
183,185,777
184,185,766
185,185,758
186,185,778
187,185,758
188,185,776
189,185,755
190,185,757
191,185,766
192,185,768
193,185,774
194,185,758
195,185,763
196,185,768
197,185,769
198,185,764
199,185,762
200,185,770
201,185,766
202,185,766
203,185,769
204,185,767
205,185,771
206,185,764
207,185,781
208,185,764
209,185,771
210,185,763
211,185,759
212,185,781
213,185,757
214,185,769
215,185,767
216,185,755
217,185,776
218,185,761
219,185,769
220,185,768
221,185,774
222,185,771
223,185,756
224,185,775
225,185,763
226,185,768
227,185,772
228,185,753
229,185,769
230,185,768
231,185,759
232,185,776
233,185,764
234,185,767
235,185,763
236,185,774
237,185,764
238,185,774
239,185,759
240,185,776
241,185,753
242,185,775
243,185,768
244,185,770
245,185,774
246,185,765
247,185,773
248,185,762
249,185,768
250,185,771
251,185,766
252,185,768
253,185,752
254,185,779
255,185,763
256,185,772
257,185,770
258,185,756
259,185,769
260,185,762
261,185,773
262,185,750
263,185,759
264,185,770
265,185,761
266,185,782
267,185,766
268,185,775
269,185,769
270,185,770
271,185,765
272,185,767
273,185,769
274,185,769
275,185,770
276,185,762
277,185,773
278,185,764
279,185,765
280,185,773
281,185,760
282,185,777
283,185,754
284,185,776
285,185,749
286,185,766
287,185,772
288,185,760
289,185,785
290,185,761
291,185,780
292,185,756
293,185,765
294,185,765
295,185,761
296,185,769
297,185,757
298,185,776
299,185,765
300,185,778
301,185,752
302,185,757
303,185,774
304,185,757
305,185,770
306,185,746
307,185,766
308,185,762
309,185,763
310,185,781
311,185,768
312,185,770
313,185,764
314,185,770
315,185,755
316,185,765
317,185,757
318,185,775
319,185,757
320,185,755
321,185,778
322,185,761
323,185,790
324,185,761
325,185,781
326,185,772
327,185,766
328,185,765
329,185,754
330,185,775
331,185,761
332,185,760
333,185,773
334,185,761
335,185,757
336,185,778
337,185,764
338,185,772
339,185,761
340,185,765
341,185,768
342,185,768
343,185,766
344,185,761
345,185,761
346,185,767
347,185,770
348,185,765
349,185,773
350,185,759
351,185,770
352,185,770
353,185,769
354,185,761
355,185,751
356,185,768
357,185,748
358,185,774
359,185,770
360,185,760
84,186,770
85,186,755
86,186,773
87,186,754
88,186,774
89,186,759
90,186,778
91,186,750
92,186,768
93,186,755
94,186,766
95,186,762
96,186,784
97,186,765
98,186,780
99,186,768
100,186,768
101,186,771
102,186,774
103,186,778
104,186,767
105,186,766
106,186,772
107,186,761
108,186,763
109,186,774
110,186,763
111,186,774
112,186,758
113,186,773
114,186,755
115,186,772
116,186,767
117,186,774
118,186,760
119,186,770
120,186,767
121,186,771
122,186,762
123,186,763
124,186,763
125,186,768
126,186,759
127,186,764
128,186,774
129,186,757
130,186,772
131,186,765
132,186,791
133,186,772
134,186,771
135,186,763
136,186,759
137,186,774
138,186,761
139,186,765
140,186,758
141,186,760
142,186,765
143,186,769
144,186,762
145,186,762
146,186,767
147,186,765
148,186,765
149,186,772
150,186,774
151,186,771
152,186,771
153,186,764
154,186,767
155,186,782
156,186,766
157,186,772
158,186,757
159,186,767
160,186,765
161,186,763
162,186,766
163,186,759
164,186,771
165,186,757
166,186,768
167,186,769
168,186,770
169,186,776
170,186,775
171,186,769
172,186,777
173,186,763
174,186,755
175,186,786
176,186,763
177,186,771
178,186,764
179,186,768
180,186,771
181,186,758
182,186,780
183,186,763
184,186,772
185,186,773
186,186,759
187,186,764
188,186,756
189,186,785
190,186,760
191,186,773
192,186,766
193,186,768
194,186,767
195,186,760
196,186,775
197,186,766
198,186,775
199,186,758
200,186,760
201,186,755
202,186,764
203,186,766
204,186,758
205,186,765
206,186,755
207,186,760
208,186,765
209,186,756
210,186,767
211,186,771
212,186,770
213,186,761
214,186,780
215,186,758
216,186,769
217,186,762
218,186,770
219,186,774
220,186,758
221,186,779
222,186,759
223,186,771
224,186,764
225,186,766
226,186,779
227,186,755
228,186,771
229,186,761
230,186,766
231,186,767
232,186,761
233,186,772
234,186,762
235,186,767
236,186,772
237,186,762
238,186,762
239,186,783
240,186,768
241,186,761
242,186,769
243,186,764
244,186,777
245,186,756
246,186,785
247,186,767
248,186,767
249,186,782
250,186,753
251,186,768
252,186,772
253,186,767
254,186,767
255,186,767
256,186,766
257,186,773
258,186,772
259,186,764
260,186,757
261,186,767
262,186,772
263,186,763
264,186,761
265,186,761
266,186,770
267,186,769
268,186,769
269,186,764
270,186,774
271,186,761
272,186,753
273,186,761
274,186,762
275,186,769
276,186,772
277,186,761
278,186,780
279,186,753
280,186,768
281,186,763
282,186,766
283,186,766
284,186,753
285,186,760
286,186,767
287,186,768
288,186,769
289,186,763
290,186,771
291,186,758
292,186,751
293,186,764
294,186,765
295,186,766
296,186,776
297,186,765
298,186,781
299,186,760
300,186,759
301,186,778
302,186,750
303,186,778
304,186,765
305,186,773
306,186,757
307,186,767
308,186,771
309,186,751
310,186,778
311,186,756
312,186,774
313,186,758
314,186,774
315,186,775
316,186,768
317,186,770
318,186,755
319,186,784
320,186,764
321,186,783
322,186,777
323,186,792
324,186,793
325,186,798
326,186,808
327,186,785
328,186,781
329,186,766
330,186,773
331,186,762
332,186,770
333,186,770
334,186,762
335,186,767
336,186,764
337,186,772
338,186,758
339,186,782
340,186,764
341,186,781
342,186,774
343,186,778
344,186,771
345,186,759
346,186,781
347,186,760
348,186,773
349,186,778
350,186,772
351,186,767
352,186,777
353,186,768
354,186,763
355,186,768
356,186,754
357,186,763
358,186,767
359,186,776
360,186,753
83,187,765
84,187,783
85,187,769
86,187,764
87,187,768
88,187,763
89,187,773
90,187,770
91,187,777
92,187,778
93,187,765
94,187,762
95,187,770
96,187,766
97,187,765
98,187,763
99,187,760
100,187,764
101,187,764
102,187,770
103,187,768
104,187,762
105,187,774
106,187,753
107,187,775
108,187,752
109,187,778
110,187,749
111,187,775
112,187,752
113,187,768
114,187,762
115,187,774
116,187,769
117,187,776
118,187,770
119,187,766
120,187,763
121,187,776
122,187,768
123,187,769
124,187,765
125,187,759
126,187,771
127,187,756
128,187,773
129,187,768
130,187,774
131,187,774
132,187,773
133,187,763
134,187,771
135,187,763
136,187,762
137,187,766
138,187,764
139,187,772
140,187,752
141,187,780
142,187,754
143,187,787
144,187,764
145,187,777
146,187,771
147,187,767
148,187,777
149,187,757
150,187,783
151,187,761
152,187,771
153,187,769
154,187,770
155,187,762
156,187,783
157,187,767
158,187,774
159,187,776
160,187,778
161,187,780
162,187,772
163,187,774
164,187,769
165,187,774
166,187,760
167,187,767
168,187,774
169,187,767
170,187,765
171,187,764
172,187,765
173,187,765
174,187,761
175,187,762
176,187,764
177,187,764
178,187,761
179,187,774
180,187,763
181,187,771
182,187,768
183,187,771
184,187,770
185,187,761
186,187,762
187,187,753
188,187,765
189,187,769
190,187,768
191,187,789
192,187,769
193,187,774
194,187,766
195,187,762
196,187,773
197,187,773
198,187,762
199,187,767
200,187,772
201,187,771
202,187,765
203,187,770
204,187,772
205,187,762
206,187,773
207,187,765
208,187,773
209,187,776
210,187,771
211,187,767
212,187,778
213,187,768
214,187,782
215,187,775
216,187,777
217,187,770
218,187,757
219,187,776
220,187,770
221,187,777
222,187,765
223,187,764
224,187,779
225,187,766
226,187,781
227,187,761
228,187,784
229,187,750
230,187,759
231,187,772
232,187,762
233,187,770
234,187,764
235,187,787
236,187,768
237,187,767
238,187,774
239,187,766
240,187,771
241,187,759
242,187,768
243,187,760
244,187,770
245,187,772
246,187,769
247,187,766
248,187,779
249,187,762
250,187,768
251,187,778
252,187,774
253,187,777
254,187,776
255,187,765
256,187,782
257,187,772
258,187,786
259,187,767
260,187,762
261,187,776
262,187,753
263,187,778
264,187,749
265,187,781
266,187,772
267,187,764
268,187,769
269,187,761
270,187,778
271,187,774
272,187,774
273,187,767
274,187,774
275,187,769
276,187,763
277,187,777
278,187,760
279,187,775
280,187,772
281,187,762
282,187,777
283,187,763
284,187,775
285,187,771
286,187,770
287,187,768
288,187,773
289,187,770
290,187,770
291,187,763
292,187,768
293,187,767
294,187,756
295,187,773
296,187,763
297,187,771
298,187,767
299,187,756
300,187,781
301,187,770
302,187,766
303,187,766
304,187,764
305,187,778
306,187,768
307,187,774
308,187,777
309,187,770
310,187,772
311,187,780
312,187,770
313,187,771
314,187,771
315,187,775
316,187,773
317,187,769
318,187,775
319,187,768
320,187,778
321,187,777
322,187,790
323,187,815
324,187,856
325,187,865
326,187,862
327,187,827
328,187,807
329,187,773
330,187,771
331,187,771
332,187,759
333,187,770
334,187,747
335,187,770
336,187,765
337,187,759
338,187,777
339,187,755
340,187,773
341,187,774
342,187,761
343,187,767
344,187,769
345,187,762
346,187,767
347,187,763
348,187,780
349,187,756
350,187,775
351,187,776
352,187,754
353,187,786
354,187,756
355,187,783
356,187,762
357,187,772
358,187,767
359,187,772
360,187,773
361,187,766
83,188,759
84,188,762
85,188,761
86,188,776
87,188,752
88,188,767
89,188,759
90,188,762
91,188,762
92,188,764
93,188,767
94,188,765
95,188,762
96,188,769
97,188,763
98,188,761
99,188,765
100,188,768
101,188,771
102,188,757
103,188,769
104,188,770
105,188,769
106,188,780
107,188,764
108,188,765
109,188,762
110,188,753
111,188,761
112,188,753
113,188,773
114,188,761
115,188,767
116,188,764
117,188,770
118,188,760
119,188,765
120,188,768
121,188,768
122,188,760
123,188,768
124,188,767
125,188,762
126,188,761
127,188,761
128,188,767
129,188,762
130,188,773
131,188,764
132,188,769
133,188,773
134,188,767
135,188,768
136,188,755
137,188,777
138,188,771
139,188,770
140,188,768
141,188,761
142,188,766
143,188,772
144,188,759
145,188,771
146,188,750
147,188,768
148,188,766
149,188,762
150,188,774
151,188,758
152,188,785
153,188,764
154,188,760
155,188,772
156,188,754
157,188,779
158,188,752
159,188,775
160,188,754
161,188,775
162,188,770
163,188,765
164,188,773
165,188,762
166,188,778
167,188,754
168,188,774
169,188,758
170,188,768
171,188,760
172,188,776
173,188,756
174,188,773
175,188,768
176,188,762
177,188,773
178,188,756
179,188,776
180,188,753
181,188,779
182,188,770
183,188,755
184,188,772
185,188,758
186,188,780
187,188,761
188,188,778
189,188,777
190,188,770
191,188,776
192,188,742
193,188,775
194,188,753
195,188,776
196,188,762
197,188,767
198,188,766
199,188,755
200,188,775
201,188,750
202,188,773
203,188,762
204,188,769
205,188,770
206,188,772
207,188,769
208,188,768
209,188,766
210,188,772
211,188,763
212,188,760
213,188,765
214,188,760
215,188,764
216,188,756
217,188,751
218,188,779
219,188,762
220,188,768
221,188,760
222,188,756
223,188,775
224,188,761
225,188,776
226,188,761
227,188,761
228,188,772
229,188,753
230,188,778
231,188,765
232,188,773
233,188,763
234,188,764
235,188,762
236,188,771
237,188,764
238,188,779
239,188,766
240,188,750
241,188,768
242,188,756
243,188,754
244,188,769
245,188,751
246,188,758
247,188,745
248,188,769
249,188,764
250,188,764
251,188,754
252,188,764
253,188,758
254,188,757
255,188,759
256,188,754
257,188,762
258,188,758
259,188,761
260,188,771
261,188,758
262,188,762
263,188,758
264,188,765
265,188,769
266,188,766
267,188,768
268,188,751
269,188,766
270,188,771
271,188,756
272,188,769
273,188,757
274,188,751
275,188,777
276,188,769
277,188,771
278,188,767
279,188,763
280,188,772
281,188,757
282,188,765
283,188,763
284,188,772
285,188,765
286,188,763
287,188,770
288,188,766
289,188,767
290,188,759
291,188,779
292,188,759
293,188,758
294,188,765
295,188,755
296,188,768
297,188,763
298,188,763
299,188,749
300,188,769
301,188,755
302,188,765
303,188,772
304,188,773
305,188,773
306,188,756
307,188,768
308,188,768
309,188,781
310,188,764
311,188,779
312,188,774
313,188,767
314,188,775
315,188,757
316,188,776
317,188,763
318,188,769
319,188,774
320,188,777
321,188,784
322,188,779
323,188,833
324,188,894
325,188,916
326,188,920
327,188,880
328,188,803
329,188,780
330,188,772
331,188,767
332,188,779
333,188,756
334,188,779
335,188,764
336,188,772
337,188,765
338,188,757
339,188,773
340,188,767
341,188,777
342,188,754
343,188,781
344,188,764
345,188,772
346,188,770
347,188,757
348,188,769
349,188,768
350,188,774
351,188,759
352,188,771
353,188,766
354,188,775
355,188,756
356,188,764
357,188,768
358,188,764
359,188,765
360,188,763
361,188,771
362,188,771
83,189,765
84,189,775
85,189,765
86,189,776
87,189,764
88,189,771
89,189,769
90,189,766
91,189,777
92,189,765
93,189,764
94,189,764
95,189,767
96,189,764
97,189,758
98,189,766
99,189,763
100,189,757
101,189,756
102,189,774
103,189,757
104,189,766
105,189,755
106,189,774
107,189,768
108,189,765
109,189,766
110,189,762
111,189,768
112,189,755
113,189,769
114,189,765
115,189,766
116,189,772
117,189,774
118,189,762
119,189,770
120,189,751
121,189,771
122,189,758
123,189,761
124,189,769
125,189,767
126,189,773
127,189,762
128,189,768
129,189,757
130,189,777
131,189,766
132,189,775
133,189,762
134,189,768
135,189,763
136,189,774
137,189,759
138,189,779
139,189,761
140,189,771
141,189,775
142,189,769
143,189,773
144,189,749
145,189,772
146,189,759
147,189,781
148,189,762
149,189,766
150,189,767
151,189,764
152,189,776
153,189,771
154,189,775
155,189,766
156,189,772
157,189,773
158,189,772
159,189,755
160,189,762
161,189,765
162,189,770
163,189,768
164,189,773
165,189,755
166,189,764
167,189,771
168,189,771
169,189,764
170,189,751
171,189,759
172,189,762
173,189,764
174,189,761
175,189,767
176,189,757
177,189,763
178,189,769
179,189,750
180,189,760
181,189,772
182,189,779
183,189,776
184,189,756
185,189,768
186,189,770
187,189,760
188,189,765
189,189,764
190,189,765
191,189,765
192,189,761
193,189,770
194,189,758
195,189,771
196,189,771
197,189,764
198,189,770
199,189,765
200,189,775
201,189,761
202,189,774
203,189,774
204,189,767
205,189,772
206,189,760
207,189,778
208,189,756
209,189,764
210,189,762
211,189,755
212,189,774
213,189,765
214,189,774
215,189,762
216,189,767
217,189,766
218,189,749
219,189,767
220,189,757
221,189,772
222,189,758
223,189,764
224,189,760
225,189,768
226,189,765
227,189,763
228,189,766
229,189,764
230,189,780
231,189,759
232,189,772
233,189,768
234,189,758
235,189,782
236,189,749
237,189,763
238,189,767
239,189,765
240,189,776
241,189,758
242,189,769
243,189,757
244,189,778
245,189,765
246,189,766
247,189,768
248,189,760
249,189,772
250,189,768
251,189,770
252,189,768
253,189,758
254,189,764
255,189,759
256,189,775
257,189,760
258,189,772
259,189,757
260,189,763
261,189,767
262,189,759
263,189,762
264,189,757
265,189,769
266,189,751
267,189,767
268,189,747
269,189,773
270,189,767
271,189,760
272,189,767
273,189,749
274,189,770
275,189,761
276,189,761
277,189,771
278,189,754
279,189,772
280,189,750
281,189,773
282,189,766
283,189,750
284,189,768
285,189,761
286,189,770
287,189,767
288,189,761
289,189,769
290,189,765
291,189,769
292,189,760
293,189,761
294,189,771
295,189,763
296,189,758
297,189,779
298,189,761
299,189,772
300,189,772
301,189,767
302,189,780
303,189,756
304,189,770
305,189,760
306,189,762
307,189,777
308,189,774
309,189,774
310,189,769
311,189,764
312,189,768
313,189,777
314,189,761
315,189,761
316,189,760
317,189,766
318,189,762
319,189,759
320,189,761
321,189,773
322,189,790
323,189,833
324,189,910
325,189,979
326,189,919
327,189,872
328,189,795
329,189,768
330,189,782
331,189,766
332,189,766
333,189,761
334,189,761
335,189,770
336,189,765
337,189,775
338,189,766
339,189,766
340,189,768
341,189,762
342,189,769
343,189,774
344,189,764
345,189,775
346,189,765
347,189,771
348,189,774
349,189,763
350,189,772
351,189,755
352,189,768
353,189,759
354,189,758
355,189,766
356,189,761
357,189,768
358,189,761
359,189,769
360,189,756
361,189,762
362,189,762
363,189,766
83,190,765
84,190,768
85,190,760
86,190,773
87,190,756
88,190,767
89,190,772
90,190,777
91,190,758
92,190,770
93,190,769
94,190,770
95,190,763
96,190,763
97,190,777
98,190,770
99,190,770
100,190,769
101,190,759
102,190,756
103,190,762
104,190,763
105,190,752
106,190,768
107,190,757
108,190,772
109,190,763
110,190,773
111,190,767
112,190,762
113,190,763
114,190,769
115,190,774
116,190,750
117,190,774
118,190,761
119,190,781
120,190,762
121,190,770
122,190,764
123,190,761
124,190,762
125,190,768
126,190,770
127,190,772
128,190,779
129,190,758
130,190,764
131,190,752
132,190,771
133,190,762
134,190,761
135,190,750
136,190,757
137,190,764
138,190,775
139,190,773
140,190,751
141,190,760
142,190,762
143,190,771
144,190,768
145,190,766
146,190,761
147,190,768
148,190,759
149,190,764
150,190,766
151,190,773
152,190,762
153,190,759
154,190,766
155,190,756
156,190,767
157,190,752
158,190,767
159,190,770
160,190,769
161,190,778
162,190,767
163,190,774
164,190,759
165,190,786
166,190,771
167,190,767
168,190,762
169,190,769
170,190,769
171,190,762
172,190,772
173,190,761
174,190,770
175,190,765
176,190,768
177,190,768
178,190,770
179,190,769
180,190,762
181,190,772
182,190,769
183,190,769
184,190,769
185,190,770
186,190,775
187,190,780
188,190,766
189,190,763
190,190,772
191,190,756
192,190,775
193,190,756
194,190,766
195,190,771
196,190,752
197,190,782
198,190,761
199,190,772
200,190,768
201,190,765
202,190,771
203,190,765
204,190,775
205,190,760
206,190,769
207,190,772
208,190,774
209,190,761
210,190,768
211,190,764
212,190,771
213,190,776
214,190,773
215,190,775
216,190,765
217,190,768
218,190,772
219,190,772
220,190,767
221,190,761
222,190,763
223,190,761
224,190,764
225,190,765
226,190,759
227,190,768
228,190,760
229,190,771
230,190,759
231,190,772
232,190,761
233,190,777
234,190,768
235,190,757
236,190,772
237,190,761
238,190,764
239,190,758
240,190,758
241,190,775
242,190,771
243,190,772
244,190,773
245,190,763
246,190,769
247,190,762
248,190,768
249,190,775
250,190,759
251,190,773
252,190,766
253,190,772
254,190,776
255,190,757
256,190,781
257,190,769
258,190,765
259,190,764
260,190,760
261,190,770
262,190,773
263,190,765
264,190,768
265,190,771
266,190,764
267,190,777
268,190,773
269,190,780
270,190,776
271,190,768
272,190,769
273,190,767
274,190,781
275,190,767
276,190,769
277,190,770
278,190,773
279,190,767
280,190,764
281,190,767
282,190,760
283,190,767
284,190,764
285,190,765
286,190,765
287,190,769
288,190,770
289,190,765
290,190,765
291,190,763
292,190,761
293,190,773
294,190,760
295,190,770
296,190,773
297,190,772
298,190,782
299,190,765
300,190,782
301,190,779
302,190,779
303,190,773
304,190,765
305,190,778
306,190,764
307,190,780
308,190,774
309,190,779
310,190,775
311,190,783
312,190,779
313,190,779
314,190,778
315,190,772
316,190,769
317,190,767
318,190,782
319,190,774
320,190,788
321,190,787
322,190,790
323,190,816
324,190,877
325,190,915
326,190,884
327,190,854
328,190,817
329,190,762
330,190,772
331,190,764
332,190,772
333,190,761
334,190,768
335,190,774
336,190,773
337,190,765
338,190,770
339,190,774
340,190,777
341,190,772
342,190,760
343,190,769
344,190,766
345,190,773
346,190,775
347,190,761
348,190,762
349,190,770
350,190,764
351,190,771
352,190,767
353,190,757
354,190,780
355,190,767
356,190,769
357,190,765
358,190,768
359,190,767
360,190,771
361,190,761
362,190,763
363,190,765
82,191,769
83,191,755
84,191,765
85,191,751
86,191,772
87,191,768
88,191,786
89,191,764
90,191,780
91,191,764
92,191,763
93,191,764
94,191,773
95,191,767
96,191,778
97,191,761
98,191,777
99,191,764
100,191,779
101,191,768
102,191,776
103,191,758
104,191,763
105,191,772
106,191,766
107,191,771
108,191,768
109,191,764
110,191,760
111,191,764
112,191,769
113,191,763
114,191,766
115,191,758
116,191,772
117,191,764
118,191,773
119,191,772
120,191,776
121,191,764
122,191,768
123,191,772
124,191,754
125,191,774
126,191,768
127,191,766
128,191,770
129,191,767
130,191,771
131,191,766
132,191,768
133,191,768
134,191,764
135,191,770
136,191,763
137,191,764
138,191,773
139,191,765
140,191,764
141,191,766
142,191,769
143,191,772
144,191,769
145,191,770
146,191,765
147,191,762
148,191,766
149,191,772
150,191,777
151,191,758
152,191,779
153,191,770
154,191,765
155,191,762
156,191,763
157,191,760
158,191,765
159,191,760
160,191,772
161,191,766
162,191,771
163,191,770
164,191,757
165,191,764
166,191,755
167,191,762
168,191,767
169,191,766
170,191,778
171,191,761
172,191,780
173,191,766
174,191,763
175,191,765
176,191,759
177,191,772
178,191,769
179,191,774
180,191,769
181,191,767
182,191,777
183,191,771
184,191,776
185,191,771
186,191,772
187,191,760
188,191,770
189,191,763
190,191,772
191,191,763
192,191,763
193,191,768
194,191,766
195,191,757
196,191,759
197,191,774
198,191,766
199,191,767
200,191,755
201,191,771
202,191,762
203,191,758
204,191,765
205,191,758
206,191,764
207,191,764
208,191,763
209,191,763
210,191,761
211,191,770
212,191,760
213,191,773
214,191,767
215,191,767
216,191,758
217,191,762
218,191,772
219,191,767
220,191,757
221,191,765
222,191,768
223,191,761
224,191,768
225,191,771
226,191,756
227,191,769
228,191,761
229,191,769
230,191,769
231,191,758
232,191,772
233,191,763
234,191,780
235,191,765
236,191,768
237,191,765
238,191,758
239,191,767
240,191,763
241,191,772
242,191,754
243,191,766
244,191,768
245,191,761
246,191,775
247,191,759
248,191,776
249,191,757
250,191,764
251,191,765
252,191,762
253,191,780
254,191,758
255,191,777
256,191,765
257,191,765
258,191,772
259,191,750
260,191,765
261,191,773
262,191,761
263,191,771
264,191,770
265,191,767
266,191,755
267,191,758
268,191,768
269,191,769
270,191,760
271,191,773
272,191,762
273,191,759
274,191,782
275,191,760
276,191,784
277,191,766
278,191,771
279,191,776
280,191,775
281,191,769
282,191,757
283,191,775
284,191,762
285,191,771
286,191,769
287,191,772
288,191,769
289,191,759
290,191,767
291,191,764
292,191,776
293,191,769
294,191,763
295,191,772
296,191,765
297,191,772
298,191,756
299,191,769
300,191,777
301,191,765
302,191,776
303,191,774
304,191,782
305,191,773
306,191,767
307,191,776
308,191,771
309,191,766
310,191,771
311,191,765
312,191,764
313,191,762
314,191,759
315,191,767
316,191,755
317,191,756
318,191,757
319,191,756
320,191,787
321,191,767
322,191,791
323,191,809
324,191,841
325,191,855
326,191,838
327,191,827
328,191,798
329,191,785
330,191,762
331,191,759
332,191,764
333,191,763
334,191,763
335,191,762
336,191,762
337,191,760
338,191,765
339,191,759
340,191,767
341,191,777
342,191,757
343,191,761
344,191,754
345,191,760
346,191,751
347,191,768
348,191,758
349,191,754
350,191,763
351,191,763
352,191,767
353,191,765
354,191,762
355,191,764
356,191,759
357,191,760
358,191,760
359,191,764
360,191,763
361,191,767
362,191,763
363,191,763
364,191,757
82,192,759
83,192,767
84,192,758
85,192,769
86,192,755
87,192,775
88,192,758
89,192,766
90,192,763
91,192,771
92,192,761
93,192,770
94,192,766
95,192,770
96,192,774
97,192,775
98,192,772
99,192,772
100,192,771
101,192,768
102,192,769
103,192,770
104,192,775
105,192,765
106,192,769
107,192,776
108,192,773
109,192,770
110,192,757
111,192,763
112,192,762
113,192,775
114,192,760
115,192,762
116,192,762
117,192,763
118,192,759
119,192,760
120,192,772
121,192,755
122,192,767
123,192,763
124,192,768
125,192,766
126,192,760
127,192,761
128,192,764
129,192,757
130,192,762
131,192,769
132,192,773
133,192,758
134,192,778
135,192,764
136,192,771
137,192,758
138,192,768
139,192,767
140,192,759
141,192,747
142,192,772
143,192,765
144,192,762
145,192,766
146,192,766
147,192,772
148,192,761
149,192,762
150,192,771
151,192,777
152,192,767
153,192,761
154,192,760
155,192,760
156,192,788
157,192,764
158,192,766
159,192,760
160,192,764
161,192,765
162,192,772
163,192,762
164,192,770
165,192,764
166,192,776
167,192,761
168,192,755
169,192,779
170,192,767
171,192,767
172,192,761
173,192,768
174,192,770
175,192,750
176,192,761
177,192,761
178,192,756
179,192,771
180,192,769
181,192,765
182,192,772
183,192,759
184,192,765
185,192,768
186,192,761
187,192,764
188,192,763
189,192,777
190,192,770
191,192,764
192,192,763
193,192,760
194,192,770
195,192,766
196,192,764
197,192,770
198,192,758
199,192,757
200,192,760
201,192,763
202,192,772
203,192,764
204,192,772
205,192,763
206,192,775
207,192,762
208,192,768
209,192,774
210,192,777
211,192,762
212,192,771
213,192,770
214,192,758
215,192,768
216,192,754
217,192,767
218,192,759
219,192,766
220,192,771
221,192,763
222,192,767
223,192,765
224,192,760
225,192,766
226,192,764
227,192,765
228,192,767
229,192,751
230,192,769
231,192,765
232,192,767
233,192,774
234,192,764
235,192,768
236,192,765
237,192,766
238,192,772
239,192,757
240,192,759
241,192,766
242,192,760
243,192,756
244,192,768
245,192,768
246,192,769
247,192,762
248,192,772
249,192,758
250,192,772
251,192,767
252,192,762
253,192,764
254,192,761
255,192,772
256,192,768
257,192,763
258,192,765
259,192,765
260,192,775
261,192,761
262,192,766
263,192,758
264,192,764
265,192,767
266,192,761
267,192,778
268,192,768
269,192,774
270,192,775
271,192,769
272,192,777
273,192,770
274,192,766
275,192,769
276,192,755
277,192,764
278,192,770
279,192,764
280,192,762
281,192,758
282,192,762
283,192,757
284,192,761
285,192,769
286,192,760
287,192,767
288,192,761
289,192,761
290,192,772
291,192,758
292,192,768
293,192,762
294,192,767
295,192,776
296,192,764
297,192,763
298,192,759
299,192,763
300,192,779
301,192,782
302,192,774
303,192,764
304,192,775
305,192,766
306,192,780
307,192,774
308,192,776
309,192,763
310,192,766
311,192,775
312,192,773
313,192,777
314,192,769
315,192,773
316,192,767
317,192,761
318,192,770
319,192,776
320,192,781
321,192,760
322,192,772
323,192,780
324,192,796
325,192,812
326,192,812
327,192,785
328,192,777
329,192,778
330,192,774
331,192,771
332,192,763
333,192,769
334,192,777
335,192,773
336,192,775
337,192,754
338,192,769
339,192,766
340,192,773
341,192,770
342,192,758
343,192,765
344,192,768
345,192,767
346,192,772
347,192,763
348,192,754
349,192,773
350,192,764
351,192,772
352,192,766
353,192,767
354,192,775
355,192,767
356,192,771
357,192,773
358,192,770
359,192,760
360,192,766
361,192,765
362,192,771
363,192,769
364,192,761
365,192,771
82,193,764
83,193,767
84,193,769
85,193,770
86,193,779
87,193,768
88,193,758
89,193,775
90,193,758
91,193,772
92,193,760
93,193,780
94,193,759
95,193,778
96,193,753
97,193,749
98,193,764
99,193,764
100,193,761
101,193,766
102,193,763
103,193,754
104,193,765
105,193,761
106,193,769
107,193,763
108,193,762
109,193,764
110,193,764
111,193,767
112,193,766
113,193,753
114,193,776
115,193,758
116,193,772
117,193,761
118,193,776
119,193,762
120,193,781
121,193,772
122,193,765
123,193,768
124,193,768
125,193,761
126,193,776
127,193,768
128,193,757
129,193,768
130,193,756
131,193,773
132,193,761
133,193,769
134,193,755
135,193,764
136,193,760
137,193,763
138,193,771
139,193,757
140,193,765
141,193,759
142,193,766
143,193,764
144,193,766
145,193,766
146,193,763
147,193,752
148,193,771
149,193,772
150,193,761
151,193,767
152,193,758
153,193,773
154,193,751
155,193,762
156,193,760
157,193,759
158,193,769
159,193,765
160,193,771
161,193,756
162,193,761
163,193,763
164,193,769
165,193,773
166,193,766
167,193,778
168,193,763
169,193,767
170,193,763
171,193,763
172,193,762
173,193,768
174,193,768
175,193,759
176,193,760
177,193,754
178,193,764
179,193,769
180,193,767
181,193,773
182,193,758
183,193,775
184,193,753
185,193,758
186,193,751
187,193,758
188,193,769
189,193,762
190,193,768
191,193,758
192,193,765
193,193,759
194,193,763
195,193,766
196,193,768
197,193,762
198,193,773
199,193,777
200,193,752
201,193,765
202,193,757
203,193,766
204,193,753
205,193,760
206,193,772
207,193,762
208,193,776
209,193,760
210,193,776
211,193,756
212,193,768
213,193,758
214,193,766
215,193,766
216,193,767
217,193,770
218,193,761
219,193,768
220,193,769
221,193,753
222,193,771
223,193,753
224,193,771
225,193,773
226,193,766
227,193,773
228,193,761
229,193,770
230,193,760
231,193,781
232,193,769
233,193,759
234,193,762
235,193,761
236,193,763
237,193,748
238,193,767
239,193,757
240,193,771
241,193,762
242,193,761
243,193,769
244,193,760
245,193,769
246,193,756
247,193,770
248,193,769
249,193,764
250,193,775
251,193,761
252,193,780
253,193,769
254,193,762
255,193,768
256,193,783
257,193,767
258,193,762
259,193,771
260,193,771
261,193,767
262,193,766
263,193,770
264,193,768
265,193,751
266,193,777
267,193,768
268,193,773
269,193,762
270,193,777
271,193,776
272,193,762
273,193,770
274,193,759
275,193,766
276,193,765
277,193,756
278,193,765
279,193,776
280,193,764
281,193,763
282,193,759
283,193,766
284,193,770
285,193,756
286,193,759
287,193,766
288,193,776
289,193,771
290,193,761
291,193,766
292,193,772
293,193,761
294,193,787
295,193,764
296,193,760
297,193,781
298,193,767
299,193,764
300,193,760
301,193,767
302,193,759
303,193,764
304,193,773
305,193,771
306,193,755
307,193,773
308,193,760
309,193,769
310,193,770
311,193,764
312,193,769
313,193,764
314,193,757
315,193,785
316,193,765
317,193,763
318,193,768
319,193,763
320,193,778
321,193,770
322,193,781
323,193,774
324,193,798
325,193,774
326,193,785
327,193,779
328,193,773
329,193,765
330,193,774
331,193,756
332,193,759
333,193,773
334,193,774
335,193,780
336,193,755
337,193,759
338,193,764
339,193,753
340,193,775
341,193,760
342,193,765
343,193,769
344,193,771
345,193,776
346,193,774
347,193,786
348,193,773
349,193,766
350,193,774
351,193,771
352,193,771
353,193,761
354,193,770
355,193,768
356,193,760
357,193,784
358,193,770
359,193,781
360,193,771
361,193,759
362,193,777
363,193,758
364,193,777
365,193,756
366,193,767
81,194,766
82,194,758
83,194,758
84,194,757
85,194,775
86,194,765
87,194,769
88,194,771
89,194,762
90,194,766
91,194,756
92,194,762
93,194,759
94,194,768
95,194,768
96,194,750
97,194,771
98,194,762
99,194,766
100,194,765
101,194,766
102,194,753
103,194,761
104,194,766
105,194,763
106,194,758
107,194,761
108,194,766
109,194,758
110,194,757
111,194,763
112,194,757
113,194,769
114,194,760
115,194,776
116,194,756
117,194,761
118,194,764
119,194,756
120,194,768
121,194,758
122,194,768
123,194,753
124,194,753
125,194,771
126,194,758
127,194,764
128,194,752
129,194,760
130,194,760
131,194,757
132,194,758
133,194,754
134,194,757
135,194,753
136,194,759
137,194,773
138,194,767
139,194,774
140,194,758
141,194,768
142,194,765
143,194,766
144,194,779
145,194,761
146,194,756
147,194,767
148,194,755
149,194,776
150,194,761
151,194,766
152,194,756
153,194,755
154,194,773
155,194,753
156,194,777
157,194,762
158,194,755
159,194,768
160,194,762
161,194,756
162,194,768
163,194,762
164,194,770
165,194,766
166,194,759
167,194,759
168,194,755
169,194,780
170,194,762
171,194,774
172,194,760
173,194,752
174,194,770
175,194,756
176,194,770
177,194,766
178,194,770
179,194,773
180,194,770
181,194,769
182,194,777
183,194,774
184,194,778
185,194,769
186,194,764
187,194,767
188,194,759
189,194,768
190,194,766
191,194,763
192,194,768
193,194,757
194,194,763
195,194,764
196,194,778
197,194,776
198,194,758
199,194,773
200,194,751
201,194,777
202,194,763
203,194,764
204,194,772
205,194,760
206,194,761
207,194,767
208,194,761
209,194,760
210,194,761
211,194,755
212,194,768
213,194,770
214,194,757
215,194,758
216,194,758
217,194,770
218,194,756
219,194,768
220,194,759
221,194,759
222,194,757
223,194,765
224,194,760
225,194,754
226,194,758
227,194,770
228,194,757
229,194,765
230,194,761
231,194,761
232,194,770
233,194,770
234,194,761
235,194,761
236,194,776
237,194,760
238,194,768
239,194,754
240,194,767
241,194,767
242,194,757
243,194,776
244,194,763
245,194,767
246,194,761
247,194,764
248,194,768
249,194,762
250,194,765
251,194,768
252,194,763
253,194,765
254,194,766
255,194,764
256,194,755
257,194,766
258,194,764
259,194,759
260,194,770
261,194,764
262,194,777
263,194,755
264,194,772
265,194,757
266,194,760
267,194,764
268,194,756
269,194,772
270,194,765
271,194,774
272,194,777
273,194,765
274,194,764
275,194,764
276,194,768
277,194,761
278,194,762
279,194,762
280,194,782
281,194,772
282,194,770
283,194,772
284,194,767
285,194,770
286,194,759
287,194,773
288,194,771
289,194,755
290,194,770
291,194,753
292,194,763
293,194,770
294,194,775
295,194,761
296,194,760
297,194,757
298,194,764
299,194,771
300,194,755
301,194,769
302,194,769
303,194,780
304,194,767
305,194,762
306,194,773
307,194,766
308,194,777
309,194,767
310,194,780
311,194,764
312,194,780
313,194,767
314,194,775
315,194,773
316,194,756
317,194,771
318,194,765
319,194,770
320,194,759
321,194,761
322,194,782
323,194,772
324,194,785
325,194,775
326,194,772
327,194,779
328,194,775
329,194,770
330,194,766
331,194,774
332,194,762
333,194,766
334,194,778
335,194,771
336,194,765
337,194,763
338,194,760
339,194,777
340,194,764
341,194,766
342,194,777
343,194,758
344,194,762
345,194,764
346,194,778
347,194,753
348,194,762
349,194,784
350,194,762
351,194,765
352,194,765
353,194,772
354,194,758
355,194,763
356,194,766
357,194,767
358,194,766
359,194,763
360,194,760
361,194,768
362,194,778
363,194,766
364,194,782
365,194,751
366,194,770
367,194,757
81,195,770
82,195,769
83,195,767
84,195,762
85,195,779
86,195,756
87,195,772
88,195,759
89,195,767
90,195,765
91,195,768
92,195,756
93,195,768
94,195,756
95,195,766
96,195,760
97,195,769
98,195,767
99,195,773
100,195,772
101,195,771
102,195,775
103,195,764
104,195,767
105,195,771
106,195,769
107,195,778
108,195,771
109,195,773
110,195,761
111,195,763
112,195,777
113,195,776
114,195,763
115,195,765
116,195,765
117,195,764
118,195,768
119,195,754
120,195,764
121,195,765
122,195,771
123,195,762
124,195,770
125,195,753
126,195,771
127,195,762
128,195,773
129,195,764
130,195,766
131,195,766
132,195,761
133,195,769
134,195,757
135,195,761
136,195,775
137,195,772
138,195,765
139,195,765
140,195,763
141,195,773
142,195,762
143,195,766
144,195,761
145,195,765
146,195,761
147,195,751
148,195,777
149,195,754
150,195,767
151,195,760
152,195,771
153,195,768
154,195,760
155,195,778
156,195,765
157,195,771
158,195,768
159,195,767
160,195,771
161,195,770
162,195,763
163,195,759
164,195,767
165,195,760
166,195,766
167,195,770
168,195,769
169,195,753
170,195,771
171,195,764
172,195,755
173,195,764
174,195,758
175,195,773
176,195,769
177,195,764
178,195,765
179,195,750
180,195,759
181,195,766
182,195,762
183,195,763
184,195,763
185,195,755
186,195,779
187,195,762
188,195,776
189,195,765
190,195,761
191,195,777
192,195,760
193,195,771
194,195,762
195,195,755
196,195,766
197,195,755
198,195,775
199,195,769
200,195,775
201,195,769
202,195,760
203,195,769
204,195,767
205,195,763
206,195,774
207,195,764
208,195,766
209,195,765
210,195,764
211,195,768
212,195,761
213,195,762
214,195,758
215,195,764
216,195,776
217,195,776
218,195,766
219,195,771
220,195,765
221,195,768
222,195,767
223,195,760
224,195,774
225,195,766
226,195,762
227,195,772
228,195,762
229,195,767
230,195,757
231,195,755
232,195,763
233,195,764
234,195,765
235,195,773
236,195,761
237,195,768
238,195,768
239,195,771
240,195,776
241,195,758
242,195,782
243,195,768
244,195,769
245,195,774
246,195,765
247,195,779
248,195,758
249,195,757
250,195,768
251,195,758
252,195,771
253,195,770
254,195,760
255,195,772
256,195,771
257,195,762
258,195,772
259,195,779
260,195,762
261,195,767
262,195,766
263,195,779
264,195,763
265,195,762
266,195,772
267,195,760
268,195,778
269,195,763
270,195,773
271,195,783
272,195,761
273,195,775
274,195,767
275,195,770
276,195,770
277,195,772
278,195,771
279,195,768
280,195,764
281,195,773
282,195,772
283,195,764
284,195,769
285,195,770
286,195,769
287,195,781
288,195,769
289,195,781
290,195,767
291,195,768
292,195,775
293,195,767
294,195,769
295,195,757
296,195,762
297,195,771
298,195,755
299,195,770
300,195,766
301,195,772
302,195,772
303,195,762
304,195,779
305,195,771
306,195,768
307,195,768
308,195,766
309,195,765
310,195,770
311,195,762
312,195,774
313,195,766
314,195,770
315,195,779
316,195,759
317,195,790
318,195,750
319,195,767
320,195,767
321,195,770
322,195,782
323,195,762
324,195,774
325,195,767
326,195,772
327,195,783
328,195,767
329,195,774
330,195,761
331,195,763
332,195,766
333,195,774
334,195,767
335,195,768
336,195,759
337,195,762
338,195,776
339,195,766
340,195,778
341,195,761
342,195,780
343,195,768
344,195,776
345,195,769
346,195,767
347,195,782
348,195,764
349,195,775
350,195,763
351,195,765
352,195,775
353,195,774
354,195,767
355,195,776
356,195,764
357,195,770
358,195,758
359,195,764
360,195,769
361,195,760
362,195,774
363,195,759
364,195,769
365,195,748
366,195,761
367,195,753
81,196,784
82,196,766
83,196,766
84,196,757
85,196,769
86,196,763
87,196,761
88,196,772
89,196,765
90,196,762
91,196,774
92,196,771
93,196,752
94,196,761
95,196,764
96,196,767
97,196,768
98,196,756
99,196,767
100,196,750
101,196,776
102,196,748
103,196,773
104,196,756
105,196,760
106,196,764
107,196,758
108,196,768
109,196,763
110,196,772
111,196,763
112,196,762
113,196,769
114,196,766
115,196,775
116,196,765
117,196,773
118,196,782
119,196,762
120,196,773
121,196,750
122,196,781
123,196,769
124,196,773
125,196,757
126,196,770
127,196,776
128,196,764
129,196,775
130,196,757
131,196,776
132,196,765
133,196,779
134,196,762
135,196,767
136,196,765
137,196,777
138,196,760
139,196,777
140,196,766
141,196,770
142,196,758
143,196,761
144,196,777
145,196,771
146,196,776
147,196,763
148,196,777
149,196,762
150,196,765
151,196,773
152,196,762
153,196,764
154,196,760
155,196,768
156,196,766
157,196,764
158,196,750
159,196,769
160,196,757
161,196,775
162,196,759
163,196,760
164,196,769
165,196,751
166,196,770
167,196,765
168,196,765
169,196,765
170,196,764
171,196,779
172,196,762
173,196,774
174,196,757
175,196,772
176,196,762
177,196,770
178,196,767
179,196,766
180,196,776
181,196,758
182,196,771
183,196,763
184,196,777
185,196,761
186,196,772
187,196,756
188,196,766
189,196,768
190,196,760
191,196,769
192,196,756
193,196,768
194,196,753
195,196,769
196,196,770
197,196,754
198,196,764
199,196,762
200,196,767
201,196,760
202,196,763
203,196,766
204,196,755
205,196,770
206,196,757
207,196,774
208,196,759
209,196,779
210,196,776
211,196,759
212,196,768
213,196,761
214,196,765
215,196,774
216,196,768
217,196,761
218,196,753
219,196,771
220,196,764
221,196,763
222,196,769
223,196,771
224,196,766
225,196,769
226,196,768
227,196,774
228,196,765
229,196,773
230,196,776
231,196,764
232,196,765
233,196,776
234,196,766
235,196,766
236,196,756
237,196,777
238,196,758
239,196,763
240,196,765
241,196,756
242,196,773
243,196,763
244,196,772
245,196,770
246,196,764
247,196,776
248,196,759
249,196,767
250,196,761
251,196,756
252,196,770
253,196,766
254,196,770
255,196,767
256,196,774
257,196,775
258,196,764
259,196,771
260,196,765
261,196,763
262,196,769
263,196,767
264,196,762
265,196,761
266,196,770
267,196,765
268,196,760
269,196,761
270,196,764
271,196,759
272,196,768
273,196,767
274,196,756
275,196,774
276,196,759
277,196,769
278,196,765
279,196,761
280,196,773
281,196,759
282,196,768
283,196,755
284,196,766
285,196,758
286,196,758
287,196,768
288,196,765
289,196,774
290,196,762
291,196,780
292,196,762
293,196,767
294,196,774
295,196,761
296,196,762
297,196,758
298,196,770
299,196,759
300,196,771
301,196,772
302,196,756
303,196,769
304,196,759
305,196,777
306,196,774
307,196,762
308,196,765
309,196,769
310,196,775
311,196,771
312,196,768
313,196,770
314,196,784
315,196,759
316,196,770
317,196,766
318,196,769
319,196,775
320,196,769
321,196,777
322,196,774
323,196,773
324,196,772
325,196,769
326,196,771
327,196,752
328,196,773
329,196,771
330,196,765
331,196,762
332,196,765
333,196,758
334,196,773
335,196,771
336,196,763
337,196,773
338,196,762
339,196,769
340,196,765
341,196,768
342,196,774
343,196,767
344,196,771
345,196,766
346,196,770
347,196,768
348,196,761
349,196,763
350,196,757
351,196,768
352,196,767
353,196,772
354,196,761
355,196,756
356,196,765
357,196,760
358,196,762
359,196,764
360,196,762
361,196,773
362,196,757
363,196,766
364,196,765
365,196,761
366,196,783
367,196,761
368,196,773
81,197,748
82,197,769
83,197,755
84,197,779
85,197,758
86,197,780
87,197,769
88,197,775
89,197,763
90,197,766
91,197,767
92,197,774
93,197,757
94,197,778
95,197,785
96,197,773
97,197,768
98,197,778
99,197,771
100,197,773
101,197,770
102,197,763
103,197,771
104,197,759
105,197,770
106,197,771
107,197,774
108,197,775
109,197,761
110,197,770
111,197,762
112,197,763
113,197,759
114,197,768
115,197,766
116,197,758
117,197,779
118,197,759
119,197,779
120,197,765
121,197,772
122,197,761
123,197,758
124,197,781
125,197,755
126,197,779
127,197,759
128,197,778
129,197,765
130,197,761
131,197,780
132,197,760
133,197,775
134,197,772
135,197,776
136,197,772
137,197,768
138,197,764
139,197,767
140,197,779
141,197,772
142,197,767
143,197,767
144,197,763
145,197,769
146,197,754
147,197,755
148,197,774
149,197,769
150,197,769
151,197,761
152,197,761
153,197,777
154,197,763
155,197,768
156,197,753
157,197,768
158,197,770
159,197,767
160,197,773
161,197,770
162,197,766
163,197,771
164,197,761
165,197,765
166,197,769
167,197,763
168,197,770
169,197,767
170,197,768
171,197,774
172,197,764
173,197,771
174,197,753
175,197,775
176,197,764
177,197,761
178,197,780
179,197,765
180,197,778
181,197,768
182,197,771
183,197,776
184,197,762
185,197,770
186,197,762
187,197,770
188,197,768
189,197,770
190,197,764
191,197,761
192,197,760
193,197,773
194,197,764
195,197,767
196,197,764
197,197,762
198,197,766
199,197,758
200,197,767
201,197,765
202,197,765
203,197,769
204,197,756
205,197,771
206,197,757
207,197,768
208,197,765
209,197,768
210,197,761
211,197,764
212,197,770
213,197,753
214,197,768
215,197,758
216,197,774
217,197,767
218,197,762
219,197,774
220,197,762
221,197,773
222,197,761
223,197,759
224,197,776
225,197,757
226,197,765
227,197,773
228,197,766
229,197,773
230,197,762
231,197,769
232,197,773
233,197,761
234,197,770
235,197,764
236,197,758
237,197,776
238,197,758
239,197,772
240,197,768
241,197,750
242,197,766
243,197,751
244,197,774
245,197,761
246,197,759
247,197,775
248,197,751
249,197,779
250,197,774
251,197,769
252,197,775
253,197,763
254,197,764
255,197,767
256,197,774
257,197,766
258,197,755
259,197,769
260,197,763
261,197,765
262,197,769
263,197,769
264,197,763
265,197,773
266,197,778
267,197,766
268,197,778
269,197,770
270,197,771
271,197,775
272,197,757
273,197,774
274,197,757
275,197,763
276,197,768
277,197,769
278,197,765
279,197,777
280,197,768
281,197,783
282,197,761
283,197,765
284,197,780
285,197,763
286,197,774
287,197,773
288,197,771
289,197,778
290,197,754
291,197,780
292,197,768
293,197,764
294,197,773
295,197,765
296,197,777
297,197,753
298,197,772
299,197,766
300,197,768
301,197,777
302,197,770
303,197,775
304,197,768
305,197,785
306,197,772
307,197,782
308,197,771
309,197,778
310,197,788
311,197,776
312,197,781
313,197,766
314,197,774
315,197,773
316,197,776
317,197,781
318,197,756
319,197,784
320,197,772
321,197,781
322,197,770
323,197,762
324,197,770
325,197,766
326,197,782
327,197,758
328,197,790
329,197,769
330,197,783
331,197,751
332,197,771
333,197,769
334,197,766
335,197,770
336,197,766
337,197,786
338,197,754
339,197,771
340,197,770
341,197,766
342,197,770
343,197,770
344,197,775
345,197,763
346,197,766
347,197,768
348,197,759
349,197,769
350,197,763
351,197,770
352,197,774
353,197,765
354,197,770
355,197,770
356,197,756
357,197,770
358,197,756
359,197,778
360,197,750
361,197,766
362,197,755
363,197,776
364,197,770
365,197,768
366,197,775
367,197,756
368,197,769
369,197,751
80,198,761
81,198,759
82,198,761
83,198,771
84,198,766
85,198,752
86,198,761
87,198,758
88,198,765
89,198,764
90,198,776
91,198,751
92,198,774
93,198,740
94,198,767
95,198,751
96,198,779
97,198,753
98,198,761
99,198,764
100,198,760
101,198,771
102,198,747
103,198,764
104,198,758
105,198,781
106,198,769
107,198,769
108,198,772
109,198,766
110,198,757
111,198,758
112,198,758
113,198,760
114,198,760
115,198,779
116,198,750
117,198,773
118,198,752
119,198,780
120,198,757
121,198,762
122,198,763
123,198,761
124,198,763
125,198,761
126,198,762
127,198,752
128,198,771
129,198,758
130,198,768
131,198,758
132,198,774
133,198,752
134,198,772
135,198,755
136,198,768
137,198,768
138,198,758
139,198,772
140,198,746
141,198,772
142,198,756
143,198,770
144,198,763
145,198,765
146,198,774
147,198,759
148,198,762
149,198,755
150,198,758
151,198,763
152,198,762
153,198,762
154,198,763
155,198,750
156,198,768
157,198,759
158,198,753
159,198,761
160,198,763
161,198,782
162,198,756
163,198,786
164,198,753
165,198,760
166,198,758
167,198,752
168,198,769
169,198,742
170,198,777
171,198,750
172,198,779
173,198,764
174,198,766
175,198,761
176,198,756
177,198,767
178,198,761
179,198,771
180,198,761
181,198,758
182,198,767
183,198,774
184,198,774
185,198,758
186,198,768
187,198,772
188,198,770
189,198,763
190,198,765
191,198,767
192,198,762
193,198,756
194,198,769
195,198,762
196,198,761
197,198,777
198,198,771
199,198,762
200,198,763
201,198,756
202,198,777
203,198,753
204,198,772
205,198,778
206,198,765
207,198,770
208,198,763
209,198,768
210,198,764
211,198,771
212,198,763
213,198,755
214,198,775
215,198,747
216,198,766
217,198,758
218,198,764
219,198,766
220,198,759
221,198,769
222,198,767
223,198,778
224,198,765
225,198,766
226,198,766
227,198,765
228,198,777
229,198,753
230,198,761
231,198,767
232,198,763
233,198,761
234,198,759
235,198,760
236,198,767
237,198,763
238,198,766
239,198,770
240,198,763
241,198,767
242,198,755
243,198,763
244,198,778
245,198,747
246,198,778
247,198,762
248,198,764
249,198,786
250,198,761
251,198,783
252,198,765
253,198,763
254,198,768
255,198,763
256,198,779
257,198,760
258,198,767
259,198,776
260,198,762
261,198,768
262,198,770
263,198,770
264,198,771
265,198,770
266,198,770
267,198,768
268,198,776
269,198,758
270,198,771
271,198,751
272,198,768
273,198,771
274,198,755
275,198,777
276,198,769
277,198,761
278,198,762
279,198,770
280,198,771
281,198,774
282,198,760
283,198,767
284,198,773
285,198,760
286,198,771
287,198,755
288,198,780
289,198,761
290,198,767
291,198,775
292,198,763
293,198,780
294,198,751
295,198,769
296,198,772
297,198,764
298,198,775
299,198,747
300,198,772
301,198,767
302,198,751
303,198,774
304,198,758
305,198,785
306,198,783
307,198,769
308,198,779
309,198,767
310,198,760
311,198,770
312,198,768
313,198,774
314,198,774
315,198,775
316,198,777
317,198,767
318,198,772
319,198,769
320,198,769
321,198,774
322,198,766
323,198,759
324,198,759
325,198,765
326,198,770
327,198,758
328,198,764
329,198,765
330,198,776
331,198,771
332,198,767
333,198,762
334,198,773
335,198,758
336,198,759
337,198,779
338,198,759
339,198,771
340,198,748
341,198,778
342,198,751
343,198,772
344,198,777
345,198,758
346,198,766
347,198,769
348,198,771
349,198,771
350,198,758
351,198,775
352,198,765
353,198,776
354,198,765
355,198,773
356,198,770
357,198,765
358,198,764
359,198,753
360,198,760
361,198,767
362,198,757
363,198,765
364,198,759
365,198,761
366,198,763
367,198,754
368,198,775
369,198,755
370,198,776
80,199,766
81,199,760
82,199,774
83,199,756
84,199,772
85,199,761
86,199,760
87,199,768
88,199,770
89,199,774
90,199,769
91,199,751
92,199,760
93,199,764
94,199,764
95,199,758
96,199,774
97,199,755
98,199,762
99,199,747
100,199,781
101,199,761
102,199,783
103,199,768
104,199,757
105,199,757
106,199,757
107,199,770
108,199,750
109,199,771
110,199,762
111,199,767
112,199,769
113,199,759
114,199,763
115,199,751
116,199,764
117,199,750
118,199,761
119,199,764
120,199,765
121,199,770
122,199,758
123,199,775
124,199,772
125,199,757
126,199,774
127,199,757
128,199,774
129,199,758
130,199,761
131,199,769
132,199,768
133,199,768
134,199,765
135,199,765
136,199,766
137,199,768
138,199,762
139,199,766
140,199,757
141,199,763
142,199,763
143,199,773
144,199,756
145,199,771
146,199,763
147,199,763
148,199,772
149,199,746
150,199,778
151,199,752
152,199,769
153,199,765
154,199,757
155,199,772
156,199,756
157,199,778
158,199,758
159,199,758
160,199,764
161,199,761
162,199,768
163,199,770
164,199,760
165,199,778
166,199,758
167,199,774
168,199,775
169,199,753
170,199,776
171,199,757
172,199,788
173,199,768
174,199,762
175,199,771
176,199,754
177,199,782
178,199,768
179,199,780
180,199,774
181,199,762
182,199,770
183,199,761
184,199,779
185,199,765
186,199,767
187,199,759
188,199,779
189,199,767
190,199,770
191,199,775
192,199,758
193,199,781
194,199,753
195,199,780
196,199,769
197,199,770
198,199,776
199,199,768
200,199,769
201,199,764
202,199,762
203,199,761
204,199,769
205,199,763
206,199,770
207,199,771
208,199,772
209,199,773
210,199,761
211,199,788
212,199,750
213,199,775
214,199,772
215,199,756
216,199,775
217,199,747
218,199,791
219,199,767
220,199,758
221,199,775
222,199,754
223,199,779
224,199,761
225,199,763
226,199,771
227,199,772
228,199,775
229,199,766
230,199,773
231,199,756
232,199,765
233,199,772
234,199,768
235,199,768
236,199,775
237,199,764
238,199,760
239,199,777
240,199,761
241,199,763
242,199,757
243,199,765
244,199,768
245,199,754
246,199,764
247,199,758
248,199,764
249,199,757
250,199,756
251,199,775
252,199,766
253,199,775
254,199,761
255,199,765
256,199,768
257,199,762
258,199,770
259,199,755
260,199,767
261,199,765
262,199,755
263,199,774
264,199,754
265,199,772
266,199,754
267,199,760
268,199,775
269,199,752
270,199,780
271,199,761
272,199,779
273,199,763
274,199,760
275,199,773
276,199,771
277,199,777
278,199,773
279,199,762
280,199,777
281,199,766
282,199,754
283,199,769
284,199,771
285,199,772
286,199,773
287,199,761
288,199,762
289,199,769
290,199,761
291,199,781
292,199,761
293,199,770
294,199,758
295,199,767
296,199,758
297,199,754
298,199,782
299,199,754
300,199,773
301,199,761
302,199,770
303,199,762
304,199,761
305,199,775
306,199,759
307,199,782
308,199,768
309,199,773
310,199,763
311,199,765
312,199,781
313,199,764
314,199,787
315,199,767
316,199,778
317,199,769
318,199,775
319,199,779
320,199,783
321,199,781
322,199,777
323,199,774
324,199,773
325,199,778
326,199,772
327,199,769
328,199,768
329,199,771
330,199,768
331,199,763
332,199,779
333,199,759
334,199,781
335,199,763
336,199,774
337,199,761
338,199,765
339,199,769
340,199,762
341,199,770
342,199,758
343,199,781
344,199,756
345,199,763
346,199,765
347,199,767
348,199,776
349,199,760
350,199,779
351,199,760
352,199,769
353,199,765
354,199,765
355,199,775
356,199,763
357,199,770
358,199,767
359,199,770
360,199,772
361,199,759
362,199,771
363,199,773
364,199,763
365,199,775
366,199,755
367,199,786
368,199,765
369,199,773
370,199,765
80,200,771
81,200,765
82,200,775
83,200,773
84,200,770
85,200,763
86,200,767
87,200,767
88,200,763
89,200,779
90,200,767
91,200,768
92,200,770
93,200,763
94,200,770
95,200,757
96,200,786
97,200,750
98,200,779
99,200,753
100,200,785
101,200,755
102,200,778
103,200,759
104,200,775
105,200,758
106,200,774
107,200,770
108,200,771
109,200,760
110,200,763
111,200,758
112,200,761
113,200,769
114,200,761
115,200,783
116,200,759
117,200,774
118,200,768
119,200,783
120,200,773
121,200,782
122,200,767
123,200,770
124,200,775
125,200,774
126,200,756
127,200,767
128,200,764
129,200,762
130,200,764
131,200,777
132,200,775
133,200,773
134,200,779
135,200,752
136,200,773
137,200,765
138,200,779
139,200,768
140,200,766
141,200,776
142,200,761
143,200,779
144,200,766
145,200,783
146,200,774
147,200,781
148,200,766
149,200,775
150,200,778
151,200,767
152,200,777
153,200,771
154,200,778
155,200,770
156,200,756
157,200,765
158,200,771
159,200,761
160,200,773
161,200,756
162,200,763
163,200,763
164,200,767
165,200,776
166,200,760
167,200,774
168,200,759
169,200,761
170,200,764
171,200,759
172,200,785
173,200,769
174,200,771
175,200,755
176,200,768
177,200,774
178,200,766
179,200,759
180,200,761
181,200,763
182,200,764
183,200,769
184,200,771
185,200,755
186,200,765
187,200,753
188,200,766
189,200,772
190,200,762
191,200,775
192,200,768
193,200,778
194,200,765
195,200,756
196,200,768
197,200,761
198,200,765
199,200,759
200,200,778
201,200,778
202,200,760
203,200,760
204,200,772
205,200,776
206,200,775
207,200,762
208,200,759
209,200,769
210,200,764
211,200,759
212,200,759
213,200,775
214,200,767
215,200,769
216,200,764
217,200,750
218,200,778
219,200,756
220,200,765
221,200,769
222,200,748
223,200,790
224,200,736
225,200,773
226,200,759
227,200,754
228,200,773
229,200,745
230,200,773
231,200,756
232,200,777
233,200,777
234,200,754
235,200,768
236,200,762
237,200,764
238,200,781
239,200,766
240,200,771
241,200,774
242,200,780
243,200,775
244,200,773
245,200,762
246,200,782
247,200,766
248,200,767
249,200,770
250,200,761
251,200,782
252,200,760
253,200,765
254,200,761
255,200,769
256,200,785
257,200,767
258,200,780
259,200,773
260,200,762
261,200,753
262,200,774
263,200,777
264,200,768
265,200,772
266,200,758
267,200,779
268,200,760
269,200,776
270,200,768
271,200,749
272,200,780
273,200,756
274,200,774
275,200,774
276,200,759
277,200,789
278,200,756
279,200,777
280,200,769
281,200,764
282,200,767
283,200,762
284,200,764
285,200,779
286,200,763
287,200,777
288,200,778
289,200,755
290,200,780
291,200,758
292,200,771
293,200,780
294,200,760
295,200,769
296,200,760
297,200,778
298,200,769
299,200,772
300,200,782
301,200,758
302,200,777
303,200,760
304,200,768
305,200,773
306,200,768
307,200,778
308,200,768
309,200,770
310,200,772
311,200,779
312,200,764
313,200,778
314,200,777
315,200,772
316,200,789
317,200,761
318,200,779
319,200,775
320,200,762
321,200,778
322,200,758
323,200,774
324,200,770
325,200,764
326,200,788
327,200,764
328,200,774
329,200,773
330,200,771
331,200,779
332,200,764
333,200,773
334,200,775
335,200,764
336,200,783
337,200,766
338,200,772
339,200,779
340,200,763
341,200,778
342,200,748
343,200,777
344,200,762
345,200,765
346,200,776
347,200,758
348,200,775
349,200,753
350,200,772
351,200,761
352,200,772
353,200,761
354,200,764
355,200,769
356,200,759
357,200,775
358,200,760
359,200,774
360,200,756
361,200,769
362,200,762
363,200,781
364,200,754
365,200,776
366,200,768
367,200,771
368,200,773
369,200,757
370,200,776
371,200,761
80,201,777
81,201,762
82,201,775
83,201,763
84,201,774
85,201,758
86,201,766
87,201,761
88,201,763
89,201,769
90,201,755
91,201,772
92,201,758
93,201,772
94,201,760
95,201,776
96,201,771
97,201,759
98,201,772
99,201,751
100,201,786
101,201,751
102,201,781
103,201,746
104,201,768
105,201,754
106,201,762
107,201,759
108,201,760
109,201,761
110,201,765
111,201,764
112,201,759
113,201,766
114,201,762
115,201,762
116,201,767
117,201,762
118,201,763
119,201,775
120,201,762
121,201,780
122,201,763
123,201,770
124,201,756
125,201,774
126,201,775
127,201,755
128,201,769
129,201,750
130,201,761
131,201,768
132,201,763
133,201,768
134,201,758
135,201,769
136,201,771
137,201,749
138,201,772
139,201,749
140,201,780
141,201,758
142,201,766
143,201,768
144,201,747
145,201,781
146,201,753
147,201,779
148,201,755
149,201,765
150,201,770
151,201,752
152,201,778
153,201,744
154,201,774
155,201,765
156,201,765
157,201,761
158,201,762
159,201,767
160,201,769
161,201,768
162,201,763
163,201,770
164,201,762
165,201,769
166,201,755
167,201,782
168,201,763
169,201,771
170,201,771
171,201,757
172,201,782
173,201,756
174,201,779
175,201,758
176,201,762
177,201,761
178,201,755
179,201,767
180,201,758
181,201,767
182,201,746
183,201,784
184,201,753
185,201,769
186,201,759
187,201,760
188,201,773
189,201,753
190,201,780
191,201,747
192,201,765
193,201,762
194,201,759
195,201,764
196,201,756
197,201,769
198,201,763
199,201,760
200,201,769
201,201,764
202,201,770
203,201,785
204,201,761
205,201,770
206,201,776
207,201,756
208,201,787
209,201,767
210,201,775
211,201,774
212,201,756
213,201,773
214,201,759
215,201,772
216,201,765
217,201,764
218,201,777
219,201,751
220,201,771
221,201,751
222,201,765
223,201,769
224,201,766
225,201,772
226,201,763
227,201,770
228,201,759
229,201,774
230,201,776
231,201,768
232,201,765
233,201,759
234,201,777
235,201,770
236,201,767
237,201,769
238,201,760
239,201,753
240,201,757
241,201,767
242,201,761
243,201,760
244,201,767
245,201,772
246,201,767
247,201,762
248,201,768
249,201,764
250,201,775
251,201,757
252,201,774
253,201,771
254,201,768
255,201,774
256,201,761
257,201,762
258,201,769
259,201,765
260,201,763
261,201,767
262,201,772
263,201,767
264,201,765
265,201,773
266,201,754
267,201,778
268,201,762
269,201,770
270,201,766
271,201,772
272,201,776
273,201,754
274,201,775
275,201,775
276,201,771
277,201,775
278,201,754
279,201,773
280,201,763
281,201,765
282,201,766
283,201,754
284,201,765
285,201,768
286,201,768
287,201,773
288,201,769
289,201,773
290,201,759
291,201,761
292,201,766
293,201,759
294,201,757
295,201,767
296,201,760
297,201,773
298,201,759
299,201,779
300,201,776
301,201,765
302,201,793
303,201,764
304,201,780
305,201,766
306,201,782
307,201,781
308,201,768
309,201,780
310,201,771
311,201,781
312,201,776
313,201,783
314,201,762
315,201,778
316,201,770
317,201,772
318,201,780
319,201,774
320,201,775
321,201,761
322,201,765
323,201,783
324,201,766
325,201,770
326,201,760
327,201,773
328,201,763
329,201,765
330,201,767
331,201,763
332,201,763
333,201,767
334,201,771
335,201,764
336,201,763
337,201,768
338,201,767
339,201,756
340,201,773
341,201,754
342,201,766
343,201,776
344,201,755
345,201,783
346,201,750
347,201,779
348,201,756
349,201,769
350,201,773
351,201,759
352,201,774
353,201,759
354,201,764
355,201,759
356,201,751
357,201,771
358,201,767
359,201,773
360,201,760
361,201,774
362,201,763
363,201,771
364,201,769
365,201,769
366,201,765
367,201,770
368,201,767
369,201,784
370,201,769
371,201,765
79,202,751
80,202,780
81,202,753
82,202,783
83,202,753
84,202,775
85,202,762
86,202,769
87,202,755
88,202,774
89,202,764
90,202,767
91,202,763
92,202,762
93,202,771
94,202,768
95,202,757
96,202,769
97,202,761
98,202,772
99,202,761
100,202,778
101,202,766
102,202,760
103,202,762
104,202,779
105,202,757
106,202,781
107,202,752
108,202,778
109,202,756
110,202,778
111,202,766
112,202,778
113,202,762
114,202,781
115,202,773
116,202,757
117,202,766
118,202,756
119,202,765
120,202,760
121,202,785
122,202,764
123,202,775
124,202,758
125,202,773
126,202,754
127,202,765
128,202,767
129,202,770
130,202,755
131,202,769
132,202,773
133,202,767
134,202,762
135,202,764
136,202,769
137,202,760
138,202,771
139,202,760
140,202,776
141,202,763
142,202,768
143,202,751
144,202,768
145,202,771
146,202,746
147,202,779
148,202,751
149,202,770
150,202,753
151,202,776
152,202,762
153,202,758
154,202,773
155,202,753
156,202,772
157,202,762
158,202,771
159,202,761
160,202,766
161,202,768
162,202,760
163,202,764
164,202,770
165,202,763
166,202,771
167,202,760
168,202,761
169,202,768
170,202,765
171,202,759
172,202,774
173,202,767
174,202,763
175,202,763
176,202,764
177,202,774
178,202,766
179,202,778
180,202,773
181,202,774
182,202,768
183,202,770
184,202,772
185,202,766
186,202,773
187,202,772
188,202,772
189,202,772
190,202,777
191,202,768
192,202,781
193,202,755
194,202,761
195,202,772
196,202,753
197,202,770
198,202,749
199,202,776
200,202,775
201,202,749
202,202,781
203,202,744
204,202,778
205,202,761
206,202,762
207,202,771
208,202,752
209,202,771
210,202,768
211,202,771
212,202,767
213,202,767
214,202,767
215,202,774
216,202,765
217,202,762
218,202,779
219,202,753
220,202,798
221,202,762
222,202,764
223,202,776
224,202,753
225,202,782
226,202,759
227,202,780
228,202,763
229,202,768
230,202,769
231,202,761
232,202,781
233,202,766
234,202,770
235,202,762
236,202,775
237,202,769
238,202,755
239,202,783
240,202,750
241,202,784
242,202,753
243,202,772
244,202,774
245,202,753
246,202,791
247,202,745
248,202,775
249,202,754
250,202,771
251,202,785
252,202,753
253,202,769
254,202,764
255,202,770
256,202,767
257,202,769
258,202,759
259,202,774
260,202,765
261,202,761
262,202,782
263,202,760
264,202,786
265,202,751
266,202,766
267,202,781
268,202,748
269,202,793
270,202,749
271,202,773
272,202,773
273,202,750
274,202,779
275,202,756
276,202,767
277,202,760
278,202,766
279,202,772
280,202,761
281,202,773
282,202,767
283,202,766
284,202,766
285,202,781
286,202,763
287,202,777
288,202,765
289,202,765
290,202,772
291,202,757
292,202,766
293,202,760
294,202,752
295,202,760
296,202,767
297,202,773
298,202,770
299,202,765
300,202,762
301,202,771
302,202,767
303,202,770
304,202,755
305,202,758
306,202,769
307,202,763
308,202,777
309,202,769
310,202,767
311,202,773
312,202,767
313,202,790
314,202,763
315,202,762
316,202,779
317,202,769
318,202,789
319,202,772
320,202,785
321,202,772
322,202,763
323,202,765
324,202,754
325,202,776
326,202,767
327,202,766
328,202,774
329,202,752
330,202,768
331,202,757
332,202,763
333,202,771
334,202,760
335,202,763
336,202,766
337,202,757
338,202,774
339,202,766
340,202,759
341,202,761
342,202,754
343,202,781
344,202,755
345,202,777
346,202,758
347,202,766
348,202,758
349,202,762
350,202,771
351,202,761
352,202,776
353,202,758
354,202,784
355,202,752
356,202,783
357,202,751
358,202,777
359,202,756
360,202,755
361,202,765
362,202,753
363,202,780
364,202,748
365,202,779
366,202,753
367,202,768
368,202,763
369,202,774
370,202,757
371,202,754
372,202,766
79,203,773
80,203,762
81,203,766
82,203,767
83,203,763
84,203,785
85,203,764
86,203,776
87,203,756
88,203,774
89,203,772
90,203,770
91,203,776
92,203,757
93,203,777
94,203,756
95,203,769
96,203,752
97,203,772
98,203,766
99,203,777
100,203,767
101,203,768
102,203,773
103,203,773
104,203,765
105,203,766
106,203,768
107,203,770
108,203,769
109,203,770
110,203,769
111,203,759
112,203,764
113,203,767
114,203,771
115,203,767
116,203,769
117,203,749
118,203,772
119,203,768
120,203,755
121,203,778
122,203,745
123,203,781
124,203,758
125,203,775
126,203,764
127,203,761
128,203,777
129,203,753
130,203,778
131,203,763
132,203,771
133,203,761
134,203,767
135,203,755
136,203,756
137,203,763
138,203,757
139,203,766
140,203,768
141,203,754
142,203,768
143,203,758
144,203,764
145,203,770
146,203,758
147,203,782
148,203,750
149,203,771
150,203,752
151,203,769
152,203,771
153,203,759
154,203,761
155,203,764
156,203,765
157,203,752
158,203,765
159,203,754
160,203,785
161,203,761
162,203,771
163,203,760
164,203,756
165,203,773
166,203,758
167,203,756
168,203,752
169,203,770
170,203,764
171,203,760
172,203,770
173,203,755
174,203,765
175,203,766
176,203,773
177,203,760
178,203,768
179,203,759
180,203,781
181,203,756
182,203,769
183,203,776
184,203,745
185,203,764
186,203,756
187,203,778
188,203,758
189,203,769
190,203,764
191,203,751
192,203,768
193,203,752
194,203,771
195,203,763
196,203,766
197,203,774
198,203,767
199,203,769
200,203,771
201,203,770
202,203,761
203,203,770
204,203,766
205,203,775
206,203,769
207,203,772
208,203,769
209,203,765
210,203,768
211,203,774
212,203,772
213,203,764
214,203,769
215,203,769
216,203,768
217,203,774
218,203,767
219,203,763
220,203,759
221,203,776
222,203,769
223,203,763
224,203,761
225,203,766
226,203,771
227,203,767
228,203,755
229,203,777
230,203,765
231,203,777
232,203,762
233,203,768
234,203,771
235,203,773
236,203,773
237,203,779
238,203,768
239,203,775
240,203,757
241,203,779
242,203,777
243,203,754
244,203,765
245,203,759
246,203,773
247,203,768
248,203,771
249,203,767
250,203,762
251,203,774
252,203,761
253,203,770
254,203,760
255,203,761
256,203,761
257,203,756
258,203,764
259,203,753
260,203,766
261,203,772
262,203,757
263,203,763
264,203,753
265,203,760
266,203,765
267,203,762
268,203,766
269,203,780
270,203,765
271,203,773
272,203,767
273,203,775
274,203,772
275,203,747
276,203,785
277,203,754
278,203,772
279,203,774
280,203,754
281,203,781
282,203,750
283,203,775
284,203,767
285,203,771
286,203,775
287,203,759
288,203,782
289,203,760
290,203,777
291,203,758
292,203,770
293,203,771
294,203,772
295,203,779
296,203,764
297,203,782
298,203,754
299,203,783
300,203,769
301,203,763
302,203,773
303,203,753
304,203,783
305,203,757
306,203,773
307,203,765
308,203,763
309,203,774
310,203,775
311,203,764
312,203,771
313,203,795
314,203,762
315,203,780
316,203,772
317,203,774
318,203,764
319,203,755
320,203,793
321,203,738
322,203,777
323,203,758
324,203,766
325,203,775
326,203,745
327,203,785
328,203,762
329,203,766
330,203,779
331,203,763
332,203,776
333,203,755
334,203,761
335,203,762
336,203,765
337,203,766
338,203,765
339,203,769
340,203,784
341,203,760
342,203,781
343,203,759
344,203,767
345,203,764
346,203,769
347,203,775
348,203,760
349,203,769
350,203,767
351,203,775
352,203,768
353,203,764
354,203,761
355,203,764
356,203,762
357,203,778
358,203,761
359,203,756
360,203,767
361,203,751
362,203,773
363,203,764
364,203,756
365,203,774
366,203,759
367,203,774
368,203,765
369,203,766
370,203,767
371,203,763
372,203,773
79,204,782
80,204,761
81,204,779
82,204,759
83,204,788
84,204,757
85,204,773
86,204,766
87,204,776
88,204,758
89,204,765
90,204,752
91,204,763
92,204,753
93,204,765
94,204,757
95,204,770
96,204,769
97,204,768
98,204,766
99,204,771
100,204,759
101,204,768
102,204,767
103,204,768
104,204,771
105,204,769
106,204,764
107,204,769
108,204,772
109,204,761
110,204,774
111,204,757
112,204,786
113,204,755
114,204,781
115,204,756
116,204,765
117,204,761
118,204,779
119,204,761
120,204,775
121,204,762
122,204,763
123,204,753
124,204,760
125,204,769
126,204,752
127,204,763
128,204,754
129,204,779
130,204,754
131,204,763
132,204,764
133,204,767
134,204,779
135,204,760
136,204,763
137,204,770
138,204,767
139,204,779
140,204,756
141,204,769
142,204,765
143,204,754
144,204,774
145,204,749
146,204,776
147,204,757
148,204,771
149,204,768
150,204,755
151,204,769
152,204,755
153,204,767
154,204,770
155,204,765
156,204,773
157,204,766
158,204,772
159,204,765
160,204,769
161,204,773
162,204,768
163,204,767
164,204,756
165,204,767
166,204,770
167,204,765
168,204,763
169,204,770
170,204,755
171,204,762
172,204,763
173,204,763
174,204,781
175,204,758
176,204,758
177,204,758
178,204,761
179,204,773
180,204,757
181,204,783
182,204,766
183,204,758
184,204,764
185,204,764
186,204,766
187,204,773
188,204,755
189,204,771
190,204,767
191,204,765
192,204,793
193,204,752
194,204,777
195,204,766
196,204,764
197,204,770
198,204,750
199,204,788
200,204,763
201,204,781
202,204,773
203,204,765
204,204,783
205,204,757
206,204,777
207,204,771
208,204,776
209,204,767
210,204,771
211,204,772
212,204,770
213,204,771
214,204,764
215,204,783
216,204,761
217,204,780
218,204,766
219,204,764
220,204,776
221,204,756
222,204,786
223,204,764
224,204,781
225,204,768
226,204,764
227,204,772
228,204,760
229,204,778
230,204,769
231,204,782
232,204,770
233,204,776
234,204,762
235,204,766
236,204,775
237,204,754
238,204,780
239,204,754
240,204,774
241,204,778
242,204,749
243,204,786
244,204,753
245,204,769
246,204,771
247,204,761
248,204,781
249,204,755
250,204,774
251,204,764
252,204,764
253,204,773
254,204,773
255,204,762
256,204,770
257,204,768
258,204,767
259,204,770
260,204,752
261,204,774
262,204,766
263,204,771
264,204,776
265,204,754
266,204,784
267,204,771
268,204,776
269,204,776
270,204,772
271,204,777
272,204,756
273,204,773
274,204,773
275,204,776
276,204,780
277,204,771
278,204,778
279,204,769
280,204,768
281,204,764
282,204,777
283,204,773
284,204,765
285,204,772
286,204,760
287,204,773
288,204,777
289,204,766
290,204,777
291,204,763
292,204,772
293,204,758
294,204,758
295,204,780
296,204,762
297,204,772
298,204,773
299,204,760
300,204,779
301,204,762
302,204,767
303,204,772
304,204,769
305,204,773
306,204,769
307,204,773
308,204,776
309,204,782
310,204,790
311,204,770
312,204,779
313,204,774
314,204,780
315,204,784
316,204,768
317,204,770
318,204,783
319,204,770
320,204,791
321,204,764
322,204,788
323,204,770
324,204,768
325,204,775
326,204,761
327,204,777
328,204,763
329,204,768
330,204,763
331,204,772
332,204,773
333,204,763
334,204,783
335,204,758
336,204,793
337,204,758
338,204,771
339,204,778
340,204,763
341,204,770
342,204,755
343,204,777
344,204,760
345,204,775
346,204,772
347,204,771
348,204,758
349,204,766
350,204,775
351,204,785
352,204,766
353,204,771
354,204,770
355,204,765
356,204,771
357,204,761
358,204,775
359,204,750
360,204,771
361,204,754
362,204,775
363,204,758
364,204,766
365,204,774
366,204,775
367,204,772
368,204,749
369,204,768
370,204,756
371,204,778
372,204,761
373,204,780
78,205,764
79,205,766
80,205,769
81,205,767
82,205,770
83,205,767
84,205,766
85,205,766
86,205,769
87,205,761
88,205,780
89,205,769
90,205,768
91,205,770
92,205,783
93,205,772
94,205,780
95,205,767
96,205,765
97,205,774
98,205,773
99,205,763
100,205,780
101,205,762
102,205,779
103,205,762
104,205,779
105,205,756
106,205,770
107,205,757
108,205,759
109,205,764
110,205,767
111,205,770
112,205,769
113,205,767
114,205,762
115,205,762
116,205,783
117,205,771
118,205,776
119,205,762
120,205,761
121,205,769
122,205,770
123,205,770
124,205,755
125,205,776
126,205,752
127,205,786
128,205,758
129,205,786
130,205,765
131,205,767
132,205,761
133,205,770
134,205,766
135,205,760
136,205,777
137,205,750
138,205,771
139,205,765
140,205,785
141,205,757
142,205,775
143,205,766
144,205,777
145,205,771
146,205,766
147,205,759
148,205,769
149,205,764
150,205,761
151,205,764
152,205,765
153,205,771
154,205,754
155,205,783
156,205,758
157,205,771
158,205,761
159,205,769
160,205,780
161,205,750
162,205,773
163,205,752
164,205,785
165,205,767
166,205,770
167,205,781
168,205,762
169,205,784
170,205,760
171,205,772
172,205,765
173,205,768
174,205,775
175,205,763
176,205,770
177,205,757
178,205,769
179,205,769
180,205,773
181,205,768
182,205,778
183,205,774
184,205,765
185,205,764
186,205,770
187,205,770
188,205,764
189,205,765
190,205,769
191,205,767
192,205,758
193,205,778
194,205,774
195,205,773
196,205,773
197,205,763
198,205,777
199,205,756
200,205,764
201,205,775
202,205,763
203,205,783
204,205,763
205,205,757
206,205,771
207,205,754
208,205,782
209,205,765
210,205,766
211,205,774
212,205,761
213,205,769
214,205,768
215,205,770
216,205,775
217,205,753
218,205,768
219,205,761
220,205,769
221,205,770
222,205,762
223,205,776
224,205,771
225,205,771
226,205,770
227,205,772
228,205,761
229,205,772
230,205,766
231,205,768
232,205,773
233,205,775
234,205,774
235,205,768
236,205,772
237,205,783
238,205,771
239,205,776
240,205,758
241,205,771
242,205,769
243,205,775
244,205,753
245,205,768
246,205,760
247,205,757
248,205,767
249,205,753
250,205,782
251,205,755
252,205,763
253,205,771
254,205,752
255,205,772
256,205,744
257,205,768
258,205,765
259,205,745
260,205,776
261,205,761
262,205,780
263,205,763
264,205,758
265,205,769
266,205,780
267,205,774
268,205,765
269,205,760
270,205,767
271,205,783
272,205,756
273,205,757
274,205,762
275,205,761
276,205,776
277,205,752
278,205,781
279,205,751
280,205,766
281,205,773
282,205,761
283,205,778
284,205,754
285,205,767
286,205,761
287,205,769
288,205,772
289,205,763
290,205,785
291,205,758
292,205,777
293,205,755
294,205,796
295,205,777
296,205,772
297,205,770
298,205,765
299,205,784
300,205,756
301,205,771
302,205,769
303,205,763
304,205,779
305,205,756
306,205,768
307,205,774
308,205,765
309,205,764
310,205,773
311,205,769
312,205,773
313,205,769
314,205,778
315,205,777
316,205,769
317,205,787
318,205,767
319,205,792
320,205,774
321,205,782
322,205,786
323,205,763
324,205,778
325,205,753
326,205,771
327,205,767
328,205,758
329,205,777
330,205,763
331,205,762
332,205,773
333,205,769
334,205,768
335,205,773
336,205,763
337,205,769
338,205,761
339,205,767
340,205,775
341,205,761
342,205,771
343,205,756
344,205,768
345,205,766
346,205,769
347,205,770
348,205,765
349,205,773
350,205,762
351,205,765
352,205,777
353,205,757
354,205,770
355,205,763
356,205,763
357,205,774
358,205,764
359,205,775
360,205,766
361,205,770
362,205,775
363,205,759
364,205,781
365,205,761
366,205,774
367,205,772
368,205,768
369,205,773
370,205,753
371,205,777
372,205,763
373,205,768
78,206,758
79,206,776
80,206,761
81,206,777
82,206,763
83,206,780
84,206,756
85,206,784
86,206,750
87,206,779
88,206,760
89,206,779
90,206,758
91,206,770
92,206,770
93,206,776
94,206,764
95,206,775
96,206,771
97,206,773
98,206,767
99,206,770
100,206,758
101,206,774
102,206,753
103,206,776
104,206,753
105,206,764
106,206,768
107,206,774
108,206,769
109,206,766
110,206,770
111,206,762
112,206,756
113,206,760
114,206,759
115,206,764
116,206,755
117,206,769
118,206,764
119,206,755
120,206,778
121,206,755
122,206,776
123,206,752
124,206,776
125,206,752
126,206,765
127,206,756
128,206,761
129,206,767
130,206,757
131,206,768
132,206,765
133,206,761
134,206,760
135,206,751
136,206,762
137,206,752
138,206,769
139,206,764
140,206,759
141,206,757
142,206,753
143,206,765
144,206,763
145,206,767
146,206,766
147,206,760
148,206,762
149,206,758
150,206,767
151,206,758
152,206,759
153,206,762
154,206,761
155,206,761
156,206,782
157,206,753
158,206,763
159,206,763
160,206,763
161,206,768
162,206,755
163,206,757
164,206,752
165,206,759
166,206,752
167,206,758
168,206,745
169,206,756
170,206,755
171,206,773
172,206,761
173,206,770
174,206,761
175,206,746
176,206,780
177,206,760
178,206,771
179,206,759
180,206,755
181,206,773
182,206,751
183,206,770
184,206,755
185,206,761
186,206,764
187,206,773
188,206,758
189,206,765
190,206,756
191,206,767
192,206,768
193,206,755
194,206,778
195,206,758
196,206,766
197,206,765
198,206,756
199,206,766
200,206,752
201,206,774
202,206,757
203,206,758
204,206,755
205,206,759
206,206,775
207,206,755
208,206,778
209,206,762
210,206,762
211,206,764
212,206,771
213,206,760
214,206,758
215,206,776
216,206,742
217,206,776
218,206,753
219,206,760
220,206,758
221,206,753
222,206,773
223,206,769
224,206,772
225,206,762
226,206,770
227,206,765
228,206,756
229,206,766
230,206,765
231,206,765
232,206,763
233,206,765
234,206,749
235,206,776
236,206,763
237,206,751
238,206,778
239,206,759
240,206,771
241,206,755
242,206,759
243,206,774
244,206,759
245,206,778
246,206,771
247,206,765
248,206,775
249,206,766
250,206,763
251,206,756
252,206,768
253,206,755
254,206,763
255,206,767
256,206,759
257,206,766
258,206,759
259,206,784
260,206,757
261,206,768
262,206,753
263,206,761
264,206,766
265,206,774
266,206,760
267,206,766
268,206,757
269,206,766
270,206,759
271,206,763
272,206,763
273,206,760
274,206,766
275,206,758
276,206,759
277,206,777
278,206,770
279,206,765
280,206,765
281,206,764
282,206,755
283,206,759
284,206,769
285,206,777
286,206,766
287,206,761
288,206,760
289,206,755
290,206,775
291,206,754
292,206,773
293,206,758
294,206,765
295,206,768
296,206,757
297,206,775
298,206,768
299,206,778
300,206,761
301,206,767
302,206,768
303,206,769
304,206,776
305,206,765
306,206,779
307,206,767
308,206,771
309,206,770
310,206,774
311,206,779
312,206,769
313,206,780
314,206,763
315,206,781
316,206,774
317,206,783
318,206,787
319,206,779
320,206,776
321,206,772
322,206,776
323,206,771
324,206,764
325,206,771
326,206,780
327,206,758
328,206,757
329,206,779
330,206,745
331,206,790
332,206,748
333,206,778
334,206,759
335,206,766
336,206,783
337,206,753
338,206,778
339,206,762
340,206,766
341,206,761
342,206,770
343,206,772
344,206,765
345,206,771
346,206,772
347,206,765
348,206,755
349,206,775
350,206,763
351,206,774
352,206,757
353,206,772
354,206,764
355,206,758
356,206,772
357,206,761
358,206,769
359,206,753
360,206,769
361,206,768
362,206,765
363,206,761
364,206,772
365,206,761
366,206,769
367,206,754
368,206,765
369,206,759
370,206,760
371,206,776
372,206,743
373,206,774
374,206,753
78,207,769
79,207,770
80,207,774
81,207,764
82,207,766
83,207,761
84,207,764
85,207,768
86,207,778
87,207,764
88,207,771
89,207,767
90,207,761
91,207,767
92,207,761
93,207,781
94,207,762
95,207,776
96,207,758
97,207,771
98,207,763
99,207,767
100,207,761
101,207,758
102,207,769
103,207,760
104,207,776
105,207,766
106,207,765
107,207,766
108,207,775
109,207,773
110,207,778
111,207,764
112,207,787
113,207,764
114,207,793
115,207,769
116,207,787
117,207,763
118,207,784
119,207,760
120,207,777
121,207,769
122,207,768
123,207,765
124,207,766
125,207,757
126,207,768
127,207,763
128,207,765
129,207,769
130,207,756
131,207,778
132,207,747
133,207,770
134,207,751
135,207,778
136,207,741
137,207,762
138,207,767
139,207,765
140,207,777
141,207,748
142,207,779
143,207,760
144,207,767
145,207,767
146,207,765
147,207,753
148,207,770
149,207,759
150,207,768
151,207,763
152,207,764
153,207,767
154,207,757
155,207,776
156,207,758
157,207,786
158,207,751
159,207,777
160,207,766
161,207,772
162,207,774
163,207,762
164,207,765
165,207,764
166,207,765
167,207,760
168,207,780
169,207,769
170,207,771
171,207,759
172,207,758
173,207,777
174,207,763
175,207,790
176,207,769
177,207,769
178,207,769
179,207,766
180,207,783
181,207,754
182,207,778
183,207,780
184,207,773
185,207,772
186,207,761
187,207,758
188,207,768
189,207,769
190,207,774
191,207,760
192,207,758
193,207,773
194,207,747
195,207,776
196,207,757
197,207,766
198,207,783
199,207,760
200,207,776
201,207,759
202,207,776
203,207,782
204,207,764
205,207,768
206,207,756
207,207,764
208,207,771
209,207,772
210,207,765
211,207,775
212,207,761
213,207,767
214,207,746
215,207,761
216,207,761
217,207,763
218,207,768
219,207,760
220,207,757
221,207,766
222,207,769
223,207,765
224,207,770
225,207,765
226,207,758
227,207,766
228,207,763
229,207,771
230,207,753
231,207,776
232,207,769
233,207,762
234,207,774
235,207,758
236,207,770
237,207,760
238,207,748
239,207,756
240,207,757
241,207,760
242,207,762
243,207,755
244,207,767
245,207,772
246,207,757
247,207,768
248,207,749
249,207,762
250,207,772
251,207,753
252,207,787
253,207,745
254,207,775
255,207,767
256,207,760
257,207,782
258,207,761
259,207,764
260,207,775
261,207,761
262,207,764
263,207,771
264,207,768
265,207,764
266,207,779
267,207,766
268,207,778
269,207,751
270,207,768
271,207,779
272,207,765
273,207,778
274,207,765
275,207,778
276,207,775
277,207,771
278,207,774
279,207,754
280,207,786
281,207,766
282,207,769
283,207,768
284,207,781
285,207,777
286,207,773
287,207,770
288,207,759
289,207,785
290,207,767
291,207,776
292,207,773
293,207,780
294,207,790
295,207,745
296,207,792
297,207,757
298,207,760
299,207,778
300,207,768
301,207,775
302,207,771
303,207,775
304,207,771
305,207,769
306,207,768
307,207,776
308,207,777
309,207,774
310,207,778
311,207,774
312,207,780
313,207,768
314,207,779
315,207,778
316,207,789
317,207,782
318,207,768
319,207,785
320,207,771
321,207,784
322,207,760
323,207,779
324,207,777
325,207,761
326,207,776
327,207,770
328,207,769
329,207,764
330,207,765
331,207,760
332,207,769
333,207,758
334,207,767
335,207,761
336,207,780
337,207,769
338,207,766
339,207,770
340,207,767
341,207,765
342,207,768
343,207,763
344,207,774
345,207,782
346,207,765
347,207,776
348,207,764
349,207,769
350,207,763
351,207,771
352,207,776
353,207,768
354,207,790
355,207,751
356,207,778
357,207,770
358,207,771
359,207,768
360,207,772
361,207,769
362,207,767
363,207,763
364,207,776
365,207,769
366,207,764
367,207,770
368,207,762
369,207,768
370,207,750
371,207,775
372,207,760
373,207,775
374,207,764
78,208,766
79,208,758
80,208,778
81,208,766
82,208,783
83,208,765
84,208,772
85,208,767
86,208,769
87,208,768
88,208,776
89,208,766
90,208,772
91,208,762
92,208,773
93,208,770
94,208,765
95,208,756
96,208,773
97,208,763
98,208,775
99,208,765
100,208,764
101,208,771
102,208,763
103,208,775
104,208,766
105,208,768
106,208,760
107,208,764
108,208,768
109,208,752
110,208,770
111,208,760
112,208,770
113,208,776
114,208,768
115,208,776
116,208,766
117,208,761
118,208,760
119,208,780
120,208,758
121,208,770
122,208,758
123,208,766
124,208,765
125,208,768
126,208,755
127,208,769
128,208,770
129,208,772
130,208,762
131,208,769
132,208,751
133,208,764
134,208,762
135,208,762
136,208,763
137,208,754
138,208,770
139,208,769
140,208,771
141,208,764
142,208,756
143,208,762
144,208,767
145,208,762
146,208,769
147,208,771
148,208,759
149,208,772
150,208,755
151,208,773
152,208,758
153,208,764
154,208,760
155,208,764
156,208,772
157,208,759
158,208,775
159,208,759
160,208,771
161,208,762
162,208,761
163,208,760
164,208,766
165,208,765
166,208,764
167,208,753
168,208,768
169,208,756
170,208,752
171,208,771
172,208,754
173,208,776
174,208,760
175,208,767
176,208,772
177,208,760
178,208,784
179,208,771
180,208,783
181,208,760
182,208,768
183,208,772
184,208,770
185,208,764
186,208,762
187,208,768
188,208,759
189,208,775
190,208,769
191,208,765
192,208,764
193,208,754
194,208,773
195,208,760
196,208,774
197,208,768
198,208,759
199,208,758
200,208,768
201,208,769
202,208,770
203,208,780
204,208,764
205,208,769
206,208,761
207,208,778
208,208,764
209,208,768
210,208,773
211,208,759
212,208,771
213,208,748
214,208,779
215,208,764
216,208,761
217,208,781
218,208,758
219,208,778
220,208,767
221,208,759
222,208,775
223,208,767
224,208,772
225,208,765
226,208,773
227,208,761
228,208,765
229,208,760
230,208,775
231,208,775
232,208,765
233,208,763
234,208,761
235,208,767
236,208,766
237,208,759
238,208,766
239,208,770
240,208,766
241,208,771
242,208,767
243,208,766
244,208,774
245,208,759
246,208,782
247,208,765
248,208,770
249,208,772
250,208,756
251,208,774
252,208,764
253,208,766
254,208,767
255,208,765
256,208,779
257,208,768
258,208,761
259,208,781
260,208,768
261,208,767
262,208,776
263,208,765
264,208,775
265,208,776
266,208,765
267,208,772
268,208,763
269,208,783
270,208,759
271,208,780
272,208,776
273,208,766
274,208,781
275,208,766
276,208,777
277,208,774
278,208,778
279,208,768
280,208,775
281,208,780
282,208,771
283,208,769
284,208,764
285,208,780
286,208,767
287,208,773
288,208,775
289,208,770
290,208,789
291,208,777
292,208,786
293,208,777
294,208,778
295,208,756
296,208,766
297,208,757
298,208,766
299,208,769
300,208,764
301,208,766
302,208,750
303,208,774
304,208,754
305,208,777
306,208,767
307,208,754
308,208,783
309,208,755
310,208,782
311,208,768
312,208,762
313,208,780
314,208,767
315,208,789
316,208,772
317,208,776
318,208,771
319,208,782
320,208,776
321,208,780
322,208,778
323,208,758
324,208,767
325,208,766
326,208,776
327,208,758
328,208,770
329,208,756
330,208,771
331,208,767
332,208,762
333,208,775
334,208,754
335,208,773
336,208,762
337,208,771
338,208,758
339,208,777
340,208,759
341,208,771
342,208,780
343,208,762
344,208,779
345,208,756
346,208,775
347,208,755
348,208,779
349,208,767
350,208,768
351,208,786
352,208,754
353,208,779
354,208,760
355,208,780
356,208,767
357,208,762
358,208,778
359,208,766
360,208,761
361,208,771
362,208,759
363,208,773
364,208,759
365,208,770
366,208,769
367,208,756
368,208,780
369,208,747
370,208,775
371,208,759
372,208,778
373,208,755
374,208,767
375,208,774
77,209,769
78,209,760
79,209,773
80,209,756
81,209,768
82,209,762
83,209,768
84,209,756
85,209,763
86,209,771
87,209,770
88,209,772
89,209,766
90,209,767
91,209,766
92,209,765
93,209,764
94,209,773
95,209,779
96,209,772
97,209,774
98,209,768
99,209,766
100,209,759
101,209,768
102,209,761
103,209,770
104,209,767
105,209,778
106,209,762
107,209,775
108,209,758
109,209,772
110,209,759
111,209,771
112,209,752
113,209,770
114,209,758
115,209,760
116,209,770
117,209,760
118,209,779
119,209,761
120,209,761
121,209,770
122,209,757
123,209,767
124,209,764
125,209,755
126,209,769
127,209,747
128,209,772
129,209,749
130,209,776
131,209,763
132,209,760
133,209,764
134,209,764
135,209,769
136,209,750
137,209,778
138,209,759
139,209,763
140,209,752
141,209,766
142,209,772
143,209,776
144,209,776
145,209,765
146,209,756
147,209,769
148,209,767
149,209,767
150,209,775
151,209,765
152,209,779
153,209,759
154,209,768
155,209,770
156,209,767
157,209,773
158,209,766
159,209,769
160,209,765
161,209,772
162,209,756
163,209,764
164,209,763
165,209,771
166,209,764
167,209,768
168,209,763
169,209,764
170,209,784
171,209,747
172,209,774
173,209,756
174,209,772
175,209,767
176,209,768
177,209,787
178,209,760
179,209,770
180,209,773
181,209,771
182,209,764
183,209,761
184,209,755
185,209,772
186,209,769
187,209,773
188,209,762
189,209,768
190,209,782
191,209,761
192,209,774
193,209,761
194,209,776
195,209,768
196,209,753
197,209,772
198,209,763
199,209,764
200,209,780
201,209,769
202,209,773
203,209,769
204,209,768
205,209,761
206,209,777
207,209,762
208,209,774
209,209,767
210,209,779
211,209,768
212,209,759
213,209,768
214,209,768
215,209,776
216,209,765
217,209,768
218,209,765
219,209,768
220,209,758
221,209,768
222,209,764
223,209,767
224,209,772
225,209,760
226,209,767
227,209,762
228,209,764
229,209,777
230,209,763
231,209,777
232,209,761
233,209,770
234,209,780
235,209,754
236,209,779
237,209,768
238,209,762
239,209,781
240,209,759
241,209,770
242,209,768
243,209,762
244,209,775
245,209,766
246,209,771
247,209,774
248,209,765
249,209,773
250,209,761
251,209,763
252,209,776
253,209,756
254,209,767
255,209,759
256,209,778
257,209,766
258,209,773
259,209,776
260,209,773
261,209,774
262,209,767
263,209,767
264,209,765
265,209,766
266,209,761
267,209,765
268,209,782
269,209,761
270,209,773
271,209,764
272,209,769
273,209,774
274,209,765
275,209,769
276,209,769
277,209,773
278,209,770
279,209,768
280,209,761
281,209,769
282,209,768
283,209,779
284,209,768
285,209,772
286,209,783
287,209,764
288,209,785
289,209,774
290,209,781
291,209,797
292,209,772
293,209,793
294,209,779
295,209,789
296,209,787
297,209,772
298,209,778
299,209,759
300,209,783
301,209,765
302,209,778
303,209,769
304,209,771
305,209,766
306,209,769
307,209,782
308,209,775
309,209,779
310,209,765
311,209,786
312,209,772
313,209,768
314,209,764
315,209,780
316,209,775
317,209,779
318,209,778
319,209,761
320,209,776
321,209,762
322,209,779
323,209,761
324,209,769
325,209,767
326,209,763
327,209,769
328,209,759
329,209,767
330,209,759
331,209,769
332,209,772
333,209,761
334,209,781
335,209,762
336,209,767
337,209,770
338,209,762
339,209,762
340,209,778
341,209,759
342,209,774
343,209,771
344,209,764
345,209,763
346,209,763
347,209,780
348,209,763
349,209,770
350,209,769
351,209,772
352,209,765
353,209,769
354,209,765
355,209,771
356,209,774
357,209,765
358,209,769
359,209,763
360,209,779
361,209,756
362,209,770
363,209,753
364,209,779
365,209,762
366,209,767
367,209,760
368,209,759
369,209,767
370,209,757
371,209,763
372,209,763
373,209,773
374,209,771
375,209,763
77,210,761
78,210,767
79,210,757
80,210,760
81,210,762
82,210,776
83,210,770
84,210,773
85,210,762
86,210,776
87,210,769
88,210,767
89,210,762
90,210,768
91,210,760
92,210,763
93,210,756
94,210,774
95,210,760
96,210,774
97,210,752
98,210,783
99,210,761
100,210,774
101,210,763
102,210,769
103,210,772
104,210,760
105,210,754
106,210,757
107,210,768
108,210,771
109,210,758
110,210,758
111,210,757
112,210,759
113,210,768
114,210,759
115,210,762
116,210,773
117,210,771
118,210,759
119,210,764
120,210,762
121,210,768
122,210,759
123,210,760
124,210,765
125,210,759
126,210,760
127,210,769
128,210,765
129,210,778
130,210,766
131,210,771
132,210,768
133,210,765
134,210,776
135,210,757
136,210,776
137,210,779
138,210,757
139,210,768
140,210,762
141,210,768
142,210,759
143,210,762
144,210,767
145,210,754
146,210,765
147,210,753
148,210,760
149,210,761
150,210,764
151,210,763
152,210,769
153,210,768
154,210,765
155,210,754
156,210,764
157,210,768
158,210,771
159,210,765
160,210,756
161,210,754
162,210,759
163,210,770
164,210,758
165,210,770
166,210,769
167,210,758
168,210,770
169,210,766
170,210,763
171,210,769
172,210,760
173,210,768
174,210,759
175,210,767
176,210,773
177,210,764
178,210,768
179,210,771
180,210,763
181,210,768
182,210,775
183,210,760
184,210,772
185,210,753
186,210,778
187,210,765
188,210,761
189,210,781
190,210,764
191,210,775
192,210,748
193,210,776
194,210,770
195,210,766
196,210,764
197,210,757
198,210,773
199,210,767
200,210,770
201,210,760
202,210,770
203,210,762
204,210,765
205,210,772
206,210,762
207,210,769
208,210,765
209,210,778
210,210,762
211,210,763
212,210,766
213,210,760
214,210,775
215,210,756
216,210,773
217,210,763
218,210,764
219,210,762
220,210,776
221,210,768
222,210,768
223,210,770
224,210,759
225,210,781
226,210,764
227,210,774
228,210,777
229,210,757
230,210,781
231,210,755
232,210,761
233,210,761
234,210,761
235,210,773
236,210,755
237,210,776
238,210,770
239,210,777
240,210,761
241,210,776
242,210,772
243,210,767
244,210,768
245,210,763
246,210,773
247,210,760
248,210,786
249,210,764
250,210,767
251,210,781
252,210,763
253,210,775
254,210,761
255,210,773
256,210,780
257,210,758
258,210,770
259,210,769
260,210,762
261,210,766
262,210,765
263,210,768
264,210,767
265,210,760
266,210,775
267,210,777
268,210,769
269,210,776
270,210,763
271,210,775
272,210,778
273,210,762
274,210,781
275,210,757
276,210,769
277,210,771
278,210,763
279,210,766
280,210,766
281,210,780
282,210,764
283,210,773
284,210,757
285,210,772
286,210,753
287,210,769
288,210,768
289,210,769
290,210,792
291,210,754
292,210,814
293,210,771
294,210,777
295,210,767
296,210,751
297,210,779
298,210,767
299,210,768
300,210,764
301,210,764
302,210,774
303,210,765
304,210,765
305,210,785
306,210,773
307,210,774
308,210,769
309,210,772
310,210,778
311,210,766
312,210,771
313,210,774
314,210,765
315,210,774
316,210,762
317,210,764
318,210,779
319,210,774
320,210,779
321,210,777
322,210,763
323,210,780
324,210,762
325,210,767
326,210,765
327,210,770
328,210,763
329,210,762
330,210,767
331,210,766
332,210,773
333,210,783
334,210,768
335,210,773
336,210,779
337,210,773
338,210,763
339,210,774
340,210,759
341,210,773
342,210,761
343,210,779
344,210,761
345,210,771
346,210,775
347,210,759
348,210,779
349,210,764
350,210,776
351,210,770
352,210,770
353,210,767
354,210,769
355,210,768
356,210,768
357,210,770
358,210,767
359,210,773
360,210,774
361,210,776
362,210,767
363,210,773
364,210,762
365,210,782
366,210,756
367,210,778
368,210,765
369,210,769
370,210,766
371,210,762
372,210,768
373,210,753
374,210,777
375,210,759
376,210,769
77,211,775
78,211,756
79,211,771
80,211,755
81,211,783
82,211,765
83,211,783
84,211,762
85,211,768
86,211,769
87,211,771
88,211,768
89,211,770
90,211,764
91,211,768
92,211,760
93,211,775
94,211,767
95,211,770
96,211,759
97,211,776
98,211,766
99,211,772
100,211,774
101,211,759
102,211,779
103,211,760
104,211,768
105,211,771
106,211,763
107,211,779
108,211,762
109,211,767
110,211,762
111,211,777
112,211,769
113,211,774
114,211,757
115,211,778
116,211,777
117,211,764
118,211,768
119,211,756
120,211,759
121,211,768
122,211,766
123,211,759
124,211,762
125,211,773
126,211,763
127,211,764
128,211,779
129,211,757
130,211,769
131,211,763
132,211,779
133,211,763
134,211,764
135,211,759
136,211,761
137,211,777
138,211,771
139,211,766
140,211,777
141,211,757
142,211,759
143,211,766
144,211,762
145,211,786
146,211,759
147,211,769
148,211,764
149,211,765
150,211,775
151,211,753
152,211,795
153,211,752
154,211,771
155,211,756
156,211,763
157,211,760
158,211,768
159,211,761
160,211,759
161,211,769
162,211,774
163,211,778
164,211,770
165,211,777
166,211,762
167,211,775
168,211,761
169,211,775
170,211,772
171,211,763
172,211,766
173,211,754
174,211,773
175,211,765
176,211,772
177,211,762
178,211,772
179,211,775
180,211,749
181,211,767
182,211,759
183,211,762
184,211,763
185,211,771
186,211,765
187,211,769
188,211,766
189,211,763
190,211,773
191,211,767
192,211,780
193,211,770
194,211,764
195,211,760
196,211,759
197,211,771
198,211,766
199,211,772
200,211,764
201,211,776
202,211,759
203,211,775
204,211,760
205,211,772
206,211,771
207,211,761
208,211,780
209,211,754
210,211,780
211,211,766
212,211,772
213,211,766
214,211,758
215,211,779
216,211,769
217,211,770
218,211,777
219,211,775
220,211,768
221,211,770
222,211,767
223,211,770
224,211,775
225,211,763
226,211,789
227,211,777
228,211,781
229,211,774
230,211,766
231,211,781
232,211,769
233,211,777
234,211,781
235,211,773
236,211,772
237,211,774
238,211,785
239,211,772
240,211,777
241,211,774
242,211,777
243,211,776
244,211,778
245,211,774
246,211,772
247,211,779
248,211,761
249,211,772
250,211,770
251,211,776
252,211,779
253,211,769
254,211,773
255,211,770
256,211,774
257,211,757
258,211,781
259,211,763
260,211,772
261,211,755
262,211,770
263,211,778
264,211,759
265,211,779
266,211,769
267,211,772
268,211,782
269,211,761
270,211,775
271,211,764
272,211,776
273,211,783
274,211,776
275,211,776
276,211,778
277,211,780
278,211,780
279,211,786
280,211,773
281,211,767
282,211,764
283,211,766
284,211,776
285,211,756
286,211,785
287,211,758
288,211,791
289,211,777
290,211,788
291,211,794
292,211,779
293,211,788
294,211,779
295,211,771
296,211,763
297,211,775
298,211,773
299,211,773
300,211,770
301,211,775
302,211,793
303,211,753
304,211,781
305,211,770
306,211,778
307,211,791
308,211,763
309,211,773
310,211,758
311,211,781
312,211,776
313,211,770
314,211,764
315,211,765
316,211,764
317,211,765
318,211,759
319,211,773
320,211,782
321,211,766
322,211,790
323,211,765
324,211,788
325,211,773
326,211,764
327,211,770
328,211,752
329,211,780
330,211,763
331,211,783
332,211,773
333,211,771
334,211,760
335,211,775
336,211,771
337,211,771
338,211,767
339,211,759
340,211,767
341,211,756
342,211,771
343,211,763
344,211,757
345,211,772
346,211,757
347,211,780
348,211,764
349,211,778
350,211,768
351,211,770
352,211,763
353,211,766
354,211,766
355,211,772
356,211,764
357,211,770
358,211,768
359,211,767
360,211,765
361,211,767
362,211,772
363,211,745
364,211,768
365,211,757
366,211,778
367,211,767
368,211,768
369,211,758
370,211,761
371,211,769
372,211,764
373,211,773
374,211,762
375,211,765
376,211,769
76,212,772
77,212,765
78,212,779
79,212,763
80,212,783
81,212,777
82,212,775
83,212,771
84,212,761
85,212,774
86,212,760
87,212,772
88,212,766
89,212,770
90,212,767
91,212,771
92,212,770
93,212,775
94,212,761
95,212,763
96,212,772
97,212,760
98,212,777
99,212,765
100,212,766
101,212,766
102,212,767
103,212,766
104,212,771
105,212,765
106,212,765
107,212,760
108,212,768
109,212,755
110,212,775
111,212,759
112,212,777
113,212,764
114,212,771
115,212,766
116,212,770
117,212,771
118,212,774
119,212,760
120,212,770
121,212,773
122,212,778
123,212,762
124,212,758
125,212,763
126,212,766
127,212,781
128,212,758
129,212,786
130,212,754
131,212,771
132,212,759
133,212,764
134,212,767
135,212,767
136,212,776
137,212,767
138,212,766
139,212,768
140,212,775
141,212,771
142,212,773
143,212,765
144,212,776
145,212,759
146,212,776
147,212,754
148,212,773
149,212,771
150,212,764
151,212,779
152,212,779
153,212,777
154,212,773
155,212,771
156,212,766
157,212,771
158,212,763
159,212,766
160,212,769
161,212,771
162,212,770
163,212,758
164,212,774
165,212,754
166,212,780
167,212,760
168,212,772
169,212,765
170,212,777
171,212,764
172,212,756
173,212,765
174,212,766
175,212,762
176,212,767
177,212,758
178,212,760
179,212,764
180,212,755
181,212,774
182,212,766
183,212,761
184,212,767
185,212,753
186,212,769
187,212,754
188,212,767
189,212,763
190,212,762
191,212,774
192,212,761
193,212,767
194,212,766
195,212,761
196,212,756
197,212,768
198,212,760
199,212,765
200,212,765
201,212,775
202,212,778
203,212,754
204,212,780
205,212,767
206,212,775
207,212,767
208,212,772
209,212,781
210,212,758
211,212,760
212,212,754
213,212,776
214,212,759
215,212,761
216,212,760
217,212,769
218,212,764
219,212,759
220,212,784
221,212,754
222,212,773
223,212,760
224,212,767
225,212,779
226,212,759
227,212,771
228,212,744
229,212,765
230,212,775
231,212,757
232,212,776
233,212,752
234,212,771
235,212,766
236,212,772
237,212,769
238,212,773
239,212,766
240,212,772
241,212,779
242,212,761
243,212,776
244,212,746
245,212,785
246,212,769
247,212,759
248,212,782
249,212,760
250,212,778
251,212,774
252,212,773
253,212,772
254,212,762
255,212,772
256,212,761
257,212,771
258,212,762
259,212,766
260,212,760
261,212,763
262,212,777
263,212,766
264,212,774
265,212,765
266,212,770
267,212,761
268,212,767
269,212,770
270,212,775
271,212,778
272,212,763
273,212,782
274,212,770
275,212,776
276,212,763
277,212,768
278,212,772
279,212,759
280,212,763
281,212,774
282,212,775
283,212,762
284,212,765
285,212,772
286,212,765
287,212,779
288,212,758
289,212,790
290,212,779
291,212,777
292,212,770
293,212,773
294,212,783
295,212,770
296,212,774
297,212,768
298,212,767
299,212,784
300,212,777
301,212,760
302,212,778
303,212,774
304,212,764
305,212,772
306,212,770
307,212,776
308,212,764
309,212,765
310,212,766
311,212,765
312,212,768
313,212,769
314,212,768
315,212,774
316,212,764
317,212,758
318,212,760
319,212,771
320,212,765
321,212,765
322,212,753
323,212,765
324,212,750
325,212,773
326,212,760
327,212,762
328,212,760
329,212,750
330,212,761
331,212,755
332,212,757
333,212,758
334,212,759
335,212,748
336,212,763
337,212,757
338,212,772
339,212,764
340,212,760
341,212,773
342,212,763
343,212,770
344,212,767
345,212,780
346,212,761
347,212,766
348,212,770
349,212,770
350,212,774
351,212,756
352,212,769
353,212,766
354,212,770
355,212,764
356,212,775
357,212,757
358,212,780
359,212,756
360,212,771
361,212,777
362,212,769
363,212,782
364,212,757
365,212,771
366,212,758
367,212,770
368,212,747
369,212,766
370,212,758
371,212,762
372,212,758
373,212,768
374,212,752
375,212,766
376,212,763
377,212,760
76,213,768
77,213,766
78,213,766
79,213,768
80,213,762
81,213,779
82,213,762
83,213,760
84,213,768
85,213,769
86,213,777
87,213,761
88,213,764
89,213,764
90,213,768
91,213,761
92,213,769
93,213,761
94,213,761
95,213,772
96,213,747
97,213,772
98,213,765
99,213,772
100,213,766
101,213,774
102,213,770
103,213,765
104,213,773
105,213,768
106,213,775
107,213,774
108,213,771
109,213,768
110,213,769
111,213,773
112,213,767
113,213,772
114,213,780
115,213,781
116,213,772
117,213,769
118,213,768
119,213,767
120,213,773
121,213,766
122,213,766
123,213,780
124,213,760
125,213,781
126,213,761
127,213,774
128,213,762
129,213,774
130,213,778
131,213,770
132,213,777
133,213,759
134,213,781
135,213,766
136,213,786
137,213,764
138,213,780
139,213,762
140,213,775
141,213,768
142,213,762
143,213,756
144,213,763
145,213,767
146,213,759
147,213,775
148,213,758
149,213,772
150,213,765
151,213,767
152,213,771
153,213,767
154,213,774
155,213,764
156,213,767
157,213,775
158,213,770
159,213,772
160,213,771
161,213,761
162,213,782
163,213,762
164,213,773
165,213,767
166,213,778
167,213,774
168,213,755
169,213,786
170,213,767
171,213,780
172,213,757
173,213,764
174,213,765
175,213,765
176,213,780
177,213,753
178,213,781
179,213,754
180,213,767
181,213,760
182,213,767
183,213,771
184,213,762
185,213,780
186,213,762
187,213,769
188,213,755
189,213,761
190,213,756
191,213,770
192,213,755
193,213,764
194,213,765
195,213,757
196,213,764
197,213,763
198,213,764
199,213,762
200,213,768
201,213,766
202,213,755
203,213,774
204,213,757
205,213,772
206,213,770
207,213,768
208,213,769
209,213,757
210,213,775
211,213,765
212,213,766
213,213,771
214,213,776
215,213,763
216,213,771
217,213,765
218,213,759
219,213,763
220,213,767
221,213,769
222,213,755
223,213,766
224,213,764
225,213,768
226,213,768
227,213,762
228,213,762
229,213,771
230,213,763
231,213,768
232,213,758
233,213,758
234,213,755
235,213,760
236,213,767
237,213,763
238,213,750
239,213,759
240,213,765
241,213,765
242,213,760
243,213,751
244,213,768
245,213,765
246,213,764
247,213,766
248,213,755
249,213,757
250,213,758
251,213,765
252,213,764
253,213,768
254,213,763
255,213,760
256,213,762
257,213,770
258,213,766
259,213,767
260,213,770
261,213,760
262,213,761
263,213,763
264,213,761
265,213,772
266,213,757
267,213,774
268,213,768
269,213,772
270,213,773
271,213,769
272,213,772
273,213,764
274,213,776
275,213,764
276,213,782
277,213,753
278,213,772
279,213,770
280,213,766
281,213,793
282,213,766
283,213,770
284,213,759
285,213,768
286,213,773
287,213,771
288,213,784
289,213,770
290,213,782
291,213,779
292,213,797
293,213,769
294,213,781
295,213,759
296,213,783
297,213,778
298,213,788
299,213,801
300,213,765
301,213,788
302,213,780
303,213,777
304,213,776
305,213,761
306,213,776
307,213,770
308,213,782
309,213,777
310,213,776
311,213,770
312,213,776
313,213,777
314,213,767
315,213,772
316,213,771
317,213,781
318,213,761
319,213,776
320,213,769
321,213,763
322,213,768
323,213,758
324,213,786
325,213,773
326,213,782
327,213,773
328,213,768
329,213,764
330,213,756
331,213,771
332,213,764
333,213,770
334,213,761
335,213,770
336,213,761
337,213,771
338,213,760
339,213,758
340,213,767
341,213,767
342,213,773
343,213,764
344,213,770
345,213,773
346,213,770
347,213,771
348,213,769
349,213,762
350,213,771
351,213,769
352,213,769
353,213,768
354,213,760
355,213,767
356,213,771
357,213,778
358,213,772
359,213,781
360,213,763
361,213,765
362,213,769
363,213,774
364,213,778
365,213,769
366,213,775
367,213,760
368,213,771
369,213,768
370,213,759
371,213,783
372,213,762
373,213,765
374,213,758
375,213,767
376,213,775
377,213,765
76,214,776
77,214,758
78,214,768
79,214,766
80,214,771
81,214,773
82,214,770
83,214,771
84,214,761
85,214,775
86,214,755
87,214,786
88,214,760
89,214,783
90,214,755
91,214,776
92,214,765
93,214,769
94,214,765
95,214,788
96,214,766
97,214,768
98,214,763
99,214,771
100,214,766
101,214,781
102,214,763
103,214,775
104,214,756
105,214,774
106,214,760
107,214,769
108,214,764
109,214,758
110,214,772
111,214,759
112,214,768
113,214,756
114,214,760
115,214,761
116,214,753
117,214,769
118,214,761
119,214,754
120,214,762
121,214,757
122,214,770
123,214,761
124,214,786
125,214,766
126,214,771
127,214,767
128,214,763
129,214,755
130,214,750
131,214,778
132,214,753
133,214,774
134,214,770
135,214,763
136,214,764
137,214,766
138,214,769
139,214,775
140,214,762
141,214,778
142,214,761
143,214,770
144,214,765
145,214,768
146,214,778
147,214,758
148,214,786
149,214,764
150,214,766
151,214,757
152,214,763
153,214,763
154,214,762
155,214,758
156,214,770
157,214,766
158,214,767
159,214,770
160,214,770
161,214,770
162,214,757
163,214,767
164,214,758
165,214,767
166,214,773
167,214,767
168,214,762
169,214,760
170,214,772
171,214,765
172,214,756
173,214,769
174,214,769
175,214,758
176,214,777
177,214,762
178,214,775
179,214,769
180,214,760
181,214,778
182,214,755
183,214,782
184,214,772
185,214,770
186,214,778
187,214,755
188,214,770
189,214,762
190,214,770
191,214,761
192,214,759
193,214,774
194,214,765
195,214,759
196,214,764
197,214,769
198,214,758
199,214,778
200,214,764
201,214,782
202,214,764
203,214,777
204,214,772
205,214,764
206,214,775
207,214,762
208,214,771
209,214,759
210,214,767
211,214,762
212,214,769
213,214,763
214,214,764
215,214,773
216,214,766
217,214,773
218,214,758
219,214,766
220,214,767
221,214,763
222,214,772
223,214,758
224,214,774
225,214,766
226,214,769
227,214,775
228,214,769
229,214,791
230,214,764
231,214,777
232,214,775
233,214,764
234,214,775
235,214,774
236,214,767
237,214,761
238,214,774
239,214,776
240,214,782
241,214,765
242,214,756
243,214,769
244,214,766
245,214,777
246,214,760
247,214,773
248,214,760
249,214,764
250,214,771
251,214,751
252,214,779
253,214,764
254,214,762
255,214,776
256,214,771
257,214,775
258,214,756
259,214,774
260,214,755
261,214,768
262,214,773
263,214,770
264,214,770
265,214,760
266,214,775
267,214,759
268,214,779
269,214,764
270,214,762
271,214,774
272,214,758
273,214,769
274,214,760
275,214,769
276,214,766
277,214,776
278,214,756
279,214,775
280,214,772
281,214,777
282,214,775
283,214,761
284,214,771
285,214,773
286,214,769
287,214,785
288,214,768
289,214,773
290,214,780
291,214,776
292,214,777
293,214,786
294,214,768
295,214,780
296,214,767
297,214,783
298,214,771
299,214,770
300,214,776
301,214,764
302,214,793
303,214,764
304,214,779
305,214,778
306,214,776
307,214,774
308,214,775
309,214,786
310,214,760
311,214,772
312,214,769
313,214,767
314,214,764
315,214,766
316,214,768
317,214,758
318,214,774
319,214,766
320,214,768
321,214,767
322,214,768
323,214,766
324,214,754
325,214,771
326,214,760
327,214,764
328,214,760
329,214,771
330,214,769
331,214,762
332,214,763
333,214,762
334,214,769
335,214,765
336,214,773
337,214,750
338,214,781
339,214,751
340,214,772
341,214,764
342,214,765
343,214,774
344,214,762
345,214,779
346,214,766
347,214,779
348,214,762
349,214,787
350,214,753
351,214,773
352,214,759
353,214,775
354,214,763
355,214,765
356,214,771
357,214,756
358,214,773
359,214,761
360,214,779
361,214,755
362,214,774
363,214,756
364,214,766
365,214,760
366,214,756
367,214,773
368,214,780
369,214,766
370,214,776
371,214,780
372,214,762
373,214,780
374,214,751
375,214,774
376,214,743
377,214,775
378,214,762
76,215,761
77,215,769
78,215,770
79,215,757
80,215,754
81,215,762
82,215,772
83,215,762
84,215,770
85,215,770
86,215,765
87,215,765
88,215,771
89,215,764
90,215,781
91,215,769
92,215,785
93,215,770
94,215,761
95,215,771
96,215,765
97,215,757
98,215,754
99,215,765
100,215,751
101,215,768
102,215,757
103,215,766
104,215,763
105,215,757
106,215,773
107,215,761
108,215,766
109,215,764
110,215,762
111,215,769
112,215,776
113,215,770
114,215,769
115,215,766
116,215,768
117,215,766
118,215,774
119,215,762
120,215,770
121,215,769
122,215,775
123,215,774
124,215,761
125,215,771
126,215,752
127,215,768
128,215,762
129,215,772
130,215,754
131,215,771
132,215,757
133,215,769
134,215,760
135,215,779
136,215,765
137,215,766
138,215,774
139,215,764
140,215,773
141,215,752
142,215,773
143,215,758
144,215,772
145,215,761
146,215,768
147,215,769
148,215,770
149,215,773
150,215,776
151,215,772
152,215,764
153,215,769
154,215,769
155,215,768
156,215,759
157,215,787
158,215,761
159,215,771
160,215,766
161,215,765
162,215,762
163,215,754
164,215,770
165,215,760
166,215,786
167,215,753
168,215,769
169,215,760
170,215,770
171,215,769
172,215,744
173,215,777
174,215,763
175,215,782
176,215,754
177,215,764
178,215,767
179,215,755
180,215,767
181,215,758
182,215,775
183,215,751
184,215,765
185,215,768
186,215,758
187,215,769
188,215,761
189,215,768
190,215,770
191,215,769
192,215,759
193,215,768
194,215,752
195,215,779
196,215,762
197,215,760
198,215,776
199,215,759
200,215,778
201,215,757
202,215,782
203,215,767
204,215,769
205,215,773
206,215,756
207,215,778
208,215,767
209,215,772
210,215,761
211,215,776
212,215,765
213,215,758
214,215,772
215,215,755
216,215,773
217,215,754
218,215,774
219,215,770
220,215,765
221,215,769
222,215,760
223,215,767
224,215,763
225,215,771
226,215,759
227,215,767
228,215,765
229,215,780
230,215,780
231,215,768
232,215,784
233,215,774
234,215,776
235,215,763
236,215,775
237,215,776
238,215,767
239,215,781
240,215,763
241,215,772
242,215,775
243,215,772
244,215,784
245,215,757
246,215,770
247,215,763
248,215,771
249,215,774
250,215,772
251,215,763
252,215,779
253,215,762
254,215,767
255,215,762
256,215,766
257,215,783
258,215,763
259,215,761
260,215,767
261,215,767
262,215,775
263,215,764
264,215,769
265,215,768
266,215,761
267,215,752
268,215,750
269,215,763
270,215,761
271,215,774
272,215,751
273,215,778
274,215,763
275,215,765
276,215,772
277,215,768
278,215,780
279,215,753
280,215,779
281,215,785
282,215,767
283,215,772
284,215,761
285,215,770
286,215,767
287,215,777
288,215,767
289,215,770
290,215,763
291,215,780
292,215,775
293,215,769
294,215,786
295,215,773
296,215,791
297,215,777
298,215,781
299,215,806
300,215,769
301,215,811
302,215,767
303,215,803
304,215,794
305,215,775
306,215,788
307,215,769
308,215,773
309,215,774
310,215,763
311,215,769
312,215,760
313,215,771
314,215,759
315,215,758
316,215,762
317,215,765
318,215,756
319,215,763
320,215,756
321,215,778
322,215,759
323,215,771
324,215,764
325,215,763
326,215,764
327,215,768
328,215,769
329,215,753
330,215,765
331,215,767
332,215,778
333,215,768
334,215,765
335,215,769
336,215,760
337,215,771
338,215,759
339,215,763
340,215,764
341,215,772
342,215,767
343,215,760
344,215,780
345,215,753
346,215,774
347,215,763
348,215,775
349,215,758
350,215,763
351,215,769
352,215,781
353,215,766
354,215,782
355,215,763
356,215,778
357,215,765
358,215,769
359,215,774
360,215,764
361,215,778
362,215,754
363,215,774
364,215,761
365,215,767
366,215,769
367,215,766
368,215,776
369,215,769
370,215,769
371,215,768
372,215,763
373,215,770
374,215,769
375,215,769
376,215,770
377,215,762
378,215,767
75,216,766
76,216,757
77,216,772
78,216,776
79,216,764
80,216,760
81,216,759
82,216,770
83,216,781
84,216,754
85,216,779
86,216,766
87,216,772
88,216,767
89,216,771
90,216,760
91,216,770
92,216,753
93,216,774
94,216,759
95,216,775
96,216,762
97,216,761
98,216,744
99,216,773
100,216,743
101,216,776
102,216,754
103,216,774
104,216,744
105,216,774
106,216,748
107,216,779
108,216,753
109,216,775
110,216,761
111,216,774
112,216,766
113,216,764
114,216,766
115,216,773
116,216,764
117,216,761
118,216,762
119,216,777
120,216,768
121,216,774
122,216,762
123,216,762
124,216,774
125,216,757
126,216,776
127,216,756
128,216,771
129,216,749
130,216,760
131,216,760
132,216,766
133,216,768
134,216,762
135,216,763
136,216,762
137,216,764
138,216,761
139,216,770
140,216,757
141,216,761
142,216,755
143,216,761
144,216,763
145,216,752
146,216,762
147,216,760
148,216,759
149,216,766
150,216,753
151,216,769
152,216,760
153,216,767
154,216,760
155,216,770
156,216,773
157,216,760
158,216,766
159,216,764
160,216,772
161,216,765
162,216,758
163,216,764
164,216,757
165,216,764
166,216,754
167,216,774
168,216,771
169,216,758
170,216,757
171,216,759
172,216,757
173,216,772
174,216,751
175,216,769
176,216,756
177,216,749
178,216,780
179,216,759
180,216,778
181,216,752
182,216,759
183,216,763
184,216,758
185,216,766
186,216,751
187,216,775
188,216,755
189,216,778
190,216,770
191,216,756
192,216,767
193,216,757
194,216,768
195,216,753
196,216,778
197,216,755
198,216,768
199,216,764
200,216,770
201,216,781
202,216,761
203,216,774
204,216,761
205,216,766
206,216,764
207,216,768
208,216,756
209,216,762
210,216,761
211,216,755
212,216,793
213,216,752
214,216,770
215,216,753
216,216,762
217,216,775
218,216,744
219,216,776
220,216,754
221,216,782
222,216,764
223,216,769
224,216,786
225,216,741
226,216,783
227,216,761
228,216,767
229,216,780
230,216,780
231,216,783
232,216,774
233,216,785
234,216,774
235,216,773
236,216,764
237,216,767
238,216,769
239,216,768
240,216,773
241,216,763
242,216,778
243,216,778
244,216,768
245,216,764
246,216,762
247,216,772
248,216,747
249,216,757
250,216,753
251,216,761
252,216,766
253,216,773
254,216,768
255,216,755
256,216,785
257,216,756
258,216,769
259,216,768
260,216,762
261,216,774
262,216,753
263,216,779
264,216,756
265,216,771
266,216,761
267,216,769
268,216,771
269,216,758
270,216,759
271,216,755
272,216,768
273,216,772
274,216,778
275,216,765
276,216,777
277,216,768
278,216,761
279,216,781
280,216,757
281,216,776
282,216,762
283,216,762
284,216,783
285,216,769
286,216,774
287,216,756
288,216,772
289,216,769
290,216,766
291,216,776
292,216,773
293,216,779
294,216,772
295,216,778
296,216,780
297,216,779
298,216,802
299,216,794
300,216,800
301,216,798
302,216,799
303,216,802
304,216,791
305,216,781
306,216,794
307,216,785
308,216,803
309,216,783
310,216,783
311,216,768
312,216,768
313,216,772
314,216,761
315,216,769
316,216,765
317,216,765
318,216,769
319,216,765
320,216,772
321,216,761
322,216,768
323,216,769
324,216,771
325,216,769
326,216,769
327,216,762
328,216,754
329,216,769
330,216,758
331,216,769
332,216,764
333,216,762
334,216,766
335,216,765
336,216,757
337,216,766
338,216,754
339,216,756
340,216,767
341,216,763
342,216,777
343,216,752
344,216,766
345,216,752
346,216,775
347,216,744
348,216,771
349,216,775
350,216,757
351,216,784
352,216,749
353,216,772
354,216,753
355,216,775
356,216,765
357,216,772
358,216,768
359,216,762
360,216,769
361,216,760
362,216,772
363,216,761
364,216,759
365,216,756
366,216,764
367,216,755
368,216,774
369,216,756
370,216,777
371,216,755
372,216,768
373,216,767
374,216,758
375,216,771
376,216,760
377,216,775
378,216,758
379,216,768
75,217,760
76,217,772
77,217,763
78,217,763
79,217,762
80,217,756
81,217,765
82,217,758
83,217,769
84,217,765
85,217,769
86,217,765
87,217,769
88,217,767
89,217,758
90,217,767
91,217,759
92,217,777
93,217,765
94,217,776
95,217,767
96,217,768
97,217,768
98,217,768
99,217,760
100,217,764
101,217,769
102,217,762
103,217,775
104,217,777
105,217,774
106,217,761
107,217,774
108,217,766
109,217,770
110,217,759
111,217,771
112,217,765
113,217,755
114,217,768
115,217,746
116,217,774
117,217,754
118,217,771
119,217,753
120,217,771
121,217,764
122,217,766
123,217,764
124,217,759
125,217,770
126,217,751
127,217,756
128,217,763
129,217,767
130,217,766
131,217,771
132,217,770
133,217,761
134,217,751
135,217,772
136,217,758
137,217,777
138,217,746
139,217,775
140,217,755
141,217,763
142,217,776
143,217,754
144,217,766
145,217,754
146,217,775
147,217,750
148,217,777
149,217,757
150,217,770
151,217,770
152,217,773
153,217,761
154,217,758
155,217,777
156,217,757
157,217,769
158,217,765
159,217,766
160,217,759
161,217,754
162,217,767
163,217,761
164,217,751
165,217,758
166,217,769
167,217,759
168,217,766
169,217,754
170,217,773
171,217,756
172,217,765
173,217,766
174,217,764
175,217,763
176,217,751
177,217,781
178,217,770
179,217,764
180,217,763
181,217,764
182,217,777
183,217,750
184,217,763
185,217,766
186,217,762
187,217,770
188,217,762
189,217,764
190,217,768
191,217,757
192,217,772
193,217,769
194,217,767
195,217,769
196,217,765
197,217,770
198,217,774
199,217,764
200,217,765
201,217,763
202,217,767
203,217,756
204,217,763
205,217,772
206,217,769
207,217,767
208,217,762
209,217,764
210,217,764
211,217,772
212,217,758
213,217,763
214,217,770
215,217,768
216,217,770
217,217,768
218,217,768
219,217,772
220,217,768
221,217,764
222,217,766
223,217,778
224,217,761
225,217,762
226,217,774
227,217,764
228,217,771
229,217,775
230,217,775
231,217,810
232,217,783
233,217,794
234,217,785
235,217,768
236,217,786
237,217,750
238,217,780
239,217,770
240,217,770
241,217,762
242,217,763
243,217,776
244,217,767
245,217,779
246,217,765
247,217,778
248,217,769
249,217,771
250,217,777
251,217,774
252,217,779
253,217,761
254,217,778
255,217,762
256,217,765
257,217,776
258,217,770
259,217,782
260,217,761
261,217,760
262,217,756
263,217,768
264,217,761
265,217,760
266,217,778
267,217,752
268,217,770
269,217,763
270,217,774
271,217,763
272,217,760
273,217,787
274,217,750
275,217,779
276,217,762
277,217,777
278,217,781
279,217,761
280,217,783
281,217,759
282,217,780
283,217,770
284,217,756
285,217,769
286,217,761
287,217,763
288,217,769
289,217,767
290,217,763
291,217,780
292,217,774
293,217,785
294,217,780
295,217,785
296,217,810
297,217,796
298,217,827
299,217,797
300,217,832
301,217,806
302,217,815
303,217,819
304,217,793
305,217,828
306,217,792
307,217,793
308,217,787
309,217,769
310,217,775
311,217,764
312,217,779
313,217,756
314,217,778
315,217,754
316,217,768
317,217,766
318,217,761
319,217,768
320,217,751
321,217,771
322,217,757
323,217,765
324,217,766
325,217,767
326,217,765
327,217,758
328,217,769
329,217,773
330,217,769
331,217,756
332,217,776
333,217,758
334,217,771
335,217,770
336,217,771
337,217,769
338,217,759
339,217,766
340,217,761
341,217,773
342,217,770
343,217,756
344,217,775
345,217,765
346,217,770
347,217,758
348,217,773
349,217,757
350,217,758
351,217,772
352,217,757
353,217,774
354,217,763
355,217,765
356,217,767
357,217,765
358,217,773
359,217,769
360,217,761
361,217,771
362,217,769
363,217,766
364,217,779
365,217,770
366,217,772
367,217,776
368,217,769
369,217,767
370,217,766
371,217,765
372,217,756
373,217,769
374,217,762
375,217,766
376,217,758
377,217,758
378,217,765
379,217,765
75,218,771
76,218,780
77,218,760
78,218,771
79,218,770
80,218,775
81,218,770
82,218,774
83,218,760
84,218,771
85,218,767
86,218,758
87,218,767
88,218,766
89,218,769
90,218,774
91,218,761
92,218,773
93,218,765
94,218,764
95,218,762
96,218,760
97,218,764
98,218,771
99,218,760
100,218,773
101,218,752
102,218,781
103,218,767
104,218,761
105,218,778
106,218,758
107,218,771
108,218,753
109,218,788
110,218,752
111,218,781
112,218,760
113,218,772
114,218,766
115,218,778
116,218,764
117,218,765
118,218,775
119,218,768
120,218,754
121,218,771
122,218,760
123,218,765
124,218,751
125,218,767
126,218,760
127,218,759
128,218,768
129,218,760
130,218,766
131,218,757
132,218,766
133,218,765
134,218,760
135,218,758
136,218,756
137,218,772
138,218,761
139,218,769
140,218,763
141,218,772
142,218,750
143,218,768
144,218,752
145,218,781
146,218,770
147,218,762
148,218,770
149,218,765
150,218,773
151,218,756
152,218,770
153,218,768
154,218,759
155,218,779
156,218,768
157,218,767
158,218,761
159,218,763
160,218,775
161,218,767
162,218,779
163,218,761
164,218,772
165,218,772
166,218,760
167,218,772
168,218,765
169,218,770
170,218,757
171,218,761
172,218,754
173,218,771
174,218,757
175,218,764
176,218,762
177,218,762
178,218,761
179,218,764
180,218,765
181,218,766
182,218,772
183,218,760
184,218,779
185,218,771
186,218,764
187,218,764
188,218,770
189,218,767
190,218,765
191,218,780
192,218,760
193,218,772
194,218,768
195,218,767
196,218,784
197,218,755
198,218,778
199,218,765
200,218,772
201,218,775
202,218,769
203,218,778
204,218,769
205,218,779
206,218,761
207,218,773
208,218,778
209,218,771
210,218,771
211,218,773
212,218,769
213,218,771
214,218,786
215,218,764
216,218,778
217,218,771
218,218,776
219,218,769
220,218,757
221,218,790
222,218,758
223,218,776
224,218,764
225,218,766
226,218,776
227,218,754
228,218,794
229,218,767
230,218,791
231,218,784
232,218,782
233,218,788
234,218,778
235,218,792
236,218,762
237,218,775
238,218,769
239,218,766
240,218,763
241,218,765
242,218,767
243,218,774
244,218,768
245,218,773
246,218,777
247,218,770
248,218,770
249,218,773
250,218,764
251,218,771
252,218,767
253,218,777
254,218,774
255,218,772
256,218,766
257,218,765
258,218,778
259,218,759
260,218,767
261,218,769
262,218,765
263,218,779
264,218,758
265,218,774
266,218,766
267,218,786
268,218,792
269,218,791
270,218,784
271,218,784
272,218,774
273,218,764
274,218,776
275,218,768
276,218,768
277,218,755
278,218,757
279,218,763
280,218,766
281,218,772
282,218,778
283,218,772
284,218,761
285,218,781
286,218,756
287,218,767
288,218,774
289,218,768
290,218,771
291,218,767
292,218,778
293,218,767
294,218,779
295,218,803
296,218,819
297,218,822
298,218,834
299,218,842
300,218,822
301,218,812
302,218,831
303,218,829
304,218,824
305,218,823
306,218,811
307,218,814
308,218,808
309,218,793
310,218,796
311,218,766
312,218,775
313,218,761
314,218,757
315,218,769
316,218,759
317,218,771
318,218,761
319,218,768
320,218,768
321,218,761
322,218,775
323,218,764
324,218,772
325,218,764
326,218,773
327,218,753
328,218,770
329,218,760
330,218,760
331,218,765
332,218,763
333,218,769
334,218,752
335,218,778
336,218,771
337,218,771
338,218,766
339,218,768
340,218,782
341,218,758
342,218,770
343,218,777
344,218,763
345,218,762
346,218,768
347,218,756
348,218,789
349,218,754
350,218,769
351,218,764
352,218,768
353,218,779
354,218,754
355,218,780
356,218,746
357,218,776
358,218,749
359,218,765
360,218,756
361,218,767
362,218,762
363,218,755
364,218,762
365,218,754
366,218,766
367,218,762
368,218,768
369,218,752
370,218,764
371,218,757
372,218,773
373,218,756
374,218,763
375,218,761
376,218,767
377,218,762
378,218,755
379,218,750
380,218,758
74,219,775
75,219,764
76,219,766
77,219,757
78,219,761
79,219,768
80,219,771
81,219,766
82,219,762
83,219,772
84,219,763
85,219,776
86,219,761
87,219,759
88,219,761
89,219,772
90,219,771
91,219,764
92,219,758
93,219,767
94,219,760
95,219,769
96,219,750
97,219,767
98,219,761
99,219,766
100,219,763
101,219,756
102,219,759
103,219,749
104,219,761
105,219,770
106,219,764
107,219,770
108,219,763
109,219,773
110,219,758
111,219,780
112,219,755
113,219,777
114,219,755
115,219,770
116,219,757
117,219,765
118,219,762
119,219,754
120,219,783
121,219,757
122,219,780
123,219,763
124,219,768
125,219,748
126,219,775
127,219,767
128,219,779
129,219,764
130,219,770
131,219,750
132,219,755
133,219,767
134,219,760
135,219,764
136,219,746
137,219,768
138,219,752
139,219,769
140,219,756
141,219,761
142,219,759
143,219,767
144,219,759
145,219,772
146,219,762
147,219,759
148,219,766
149,219,756
150,219,766
151,219,754
152,219,782
153,219,744
154,219,767
155,219,762
156,219,751
157,219,777
158,219,751
159,219,769
160,219,752
161,219,759
162,219,766
163,219,764
164,219,771
165,219,770
166,219,758
167,219,768
168,219,764
169,219,764
170,219,774
171,219,759
172,219,760
173,219,756
174,219,769
175,219,760
176,219,764
177,219,766
178,219,755
179,219,777
180,219,756
181,219,774
182,219,765
183,219,764
184,219,770
185,219,774
186,219,762
187,219,759
188,219,756
189,219,762
190,219,767
191,219,769
192,219,764
193,219,763
194,219,752
195,219,767
196,219,762
197,219,773
198,219,762
199,219,760
200,219,762
201,219,755
202,219,765
203,219,768
204,219,749
205,219,775
206,219,761
207,219,765
208,219,770
209,219,759
210,219,773
211,219,757
212,219,760
213,219,787
214,219,760
215,219,761
216,219,766
217,219,774
218,219,779
219,219,758
220,219,784
221,219,772
222,219,752
223,219,769
224,219,772
225,219,762
226,219,766
227,219,762
228,219,771
229,219,762
230,219,772
231,219,767
232,219,772
233,219,774
234,219,763
235,219,767
236,219,771
237,219,757
238,219,768
239,219,757
240,219,760
241,219,758
242,219,761
243,219,770
244,219,763
245,219,766
246,219,756
247,219,766
248,219,763
249,219,774
250,219,763
251,219,772
252,219,766
253,219,751
254,219,778
255,219,752
256,219,766
257,219,771
258,219,762
259,219,754
260,219,757
261,219,759
262,219,751
263,219,765
264,219,745
265,219,767
266,219,761
267,219,785
268,219,825
269,219,804
270,219,835
271,219,790
272,219,804
273,219,766
274,219,751
275,219,782
276,219,745
277,219,786
278,219,755
279,219,774
280,219,776
281,219,751
282,219,780
283,219,761
284,219,776
285,219,770
286,219,776
287,219,769
288,219,777
289,219,774
290,219,774
291,219,783
292,219,756
293,219,795
294,219,789
295,219,813
296,219,832
297,219,830
298,219,859
299,219,846
300,219,852
301,219,824
302,219,837
303,219,810
304,219,824
305,219,832
306,219,811
307,219,824
308,219,801
309,219,807
310,219,763
311,219,785
312,219,753
313,219,770
314,219,772
315,219,751
316,219,775
317,219,755
318,219,765
319,219,763
320,219,760
321,219,766
322,219,753
323,219,766
324,219,754
325,219,761
326,219,761
327,219,769
328,219,772
329,219,767
330,219,768
331,219,774
332,219,765
333,219,769
334,219,768
335,219,756
336,219,768
337,219,750
338,219,765
339,219,749
340,219,762
341,219,760
342,219,760
343,219,773
344,219,755
345,219,773
346,219,757
347,219,765
348,219,772
349,219,762
350,219,766
351,219,765
352,219,766
353,219,756
354,219,773
355,219,770
356,219,765
357,219,771
358,219,762
359,219,759
360,219,752
361,219,756
362,219,767
363,219,761
364,219,774
365,219,761
366,219,775
367,219,757
368,219,765
369,219,773
370,219,764
371,219,768
372,219,758
373,219,765
374,219,761
375,219,779
376,219,761
377,219,765
378,219,761
379,219,764
380,219,760
74,220,759
75,220,739
76,220,773
77,220,750
78,220,777
79,220,743
80,220,774
81,220,734
82,220,783
83,220,746
84,220,776
85,220,749
86,220,780
87,220,757
88,220,778
89,220,764
90,220,775
91,220,758
92,220,768
93,220,762
94,220,764
95,220,761
96,220,777
97,220,764
98,220,785
99,220,757
100,220,768
101,220,752
102,220,781
103,220,759
104,220,784
105,220,755
106,220,777
107,220,767
108,220,771
109,220,768
110,220,773
111,220,764
112,220,762
113,220,770
114,220,772
115,220,762
116,220,755
117,220,758
118,220,756
119,220,767
120,220,758
121,220,772
122,220,768
123,220,761
124,220,767
125,220,762
126,220,771
127,220,767
128,220,756
129,220,760
130,220,768
131,220,771
132,220,765
133,220,765
134,220,763
135,220,772
136,220,769
137,220,770
138,220,775
139,220,766
140,220,773
141,220,756
142,220,765
143,220,759
144,220,764
145,220,764
146,220,755
147,220,773
148,220,767
149,220,773
150,220,765
151,220,765
152,220,783
153,220,765
154,220,760
155,220,776
156,220,764
157,220,777
158,220,758
159,220,765
160,220,761
161,220,778
162,220,768
163,220,766
164,220,775
165,220,767
166,220,781
167,220,759
168,220,772
169,220,764
170,220,770
171,220,765
172,220,759
173,220,774
174,220,764
175,220,781
176,220,755
177,220,767
178,220,761
179,220,759
180,220,774
181,220,767
182,220,772
183,220,765
184,220,765
185,220,763
186,220,764
187,220,760
188,220,774
189,220,766
190,220,775
191,220,777
192,220,769
193,220,782
194,220,761
195,220,783
196,220,769
197,220,781
198,220,781
199,220,761
200,220,779
201,220,767
202,220,770
203,220,765
204,220,777
205,220,776
206,220,760
207,220,798
208,220,766
209,220,773
210,220,771
211,220,751
212,220,772
213,220,775
214,220,771
215,220,787
216,220,780
217,220,767
218,220,779
219,220,780
220,220,777
221,220,776
222,220,775
223,220,777
224,220,774
225,220,777
226,220,769
227,220,779
228,220,770
229,220,778
230,220,776
231,220,763
232,220,782
233,220,759
234,220,775
235,220,783
236,220,771
237,220,776
238,220,776
239,220,776
240,220,772
241,220,766
242,220,771
243,220,766
244,220,764
245,220,759
246,220,772
247,220,771
248,220,771
249,220,776
250,220,764
251,220,775
252,220,763
253,220,771
254,220,767
255,220,777
256,220,772
257,220,776
258,220,771
259,220,776
260,220,767
261,220,780
262,220,768
263,220,763
264,220,780
265,220,769
266,220,786
267,220,783
268,220,819
269,220,867
270,220,804
271,220,819
272,220,799
273,220,782
274,220,783
275,220,760
276,220,772
277,220,768
278,220,760
279,220,780
280,220,766
281,220,769
282,220,775
283,220,746
284,220,784
285,220,770
286,220,774
287,220,784
288,220,769
289,220,782
290,220,772
291,220,775
292,220,773
293,220,790
294,220,797
295,220,798
296,220,842
297,220,855
298,220,885
299,220,867
300,220,848
301,220,859
302,220,852
303,220,841
304,220,816
305,220,880
306,220,838
307,220,839
308,220,826
309,220,794
310,220,797
311,220,780
312,220,800
313,220,769
314,220,772
315,220,763
316,220,777
317,220,768
318,220,775
319,220,782
320,220,768
321,220,782
322,220,768
323,220,782
324,220,763
325,220,782
326,220,768
327,220,767
328,220,778
329,220,758
330,220,783
331,220,753
332,220,784
333,220,772
334,220,768
335,220,790
336,220,763
337,220,783
338,220,770
339,220,772
340,220,767
341,220,773
342,220,764
343,220,771
344,220,757
345,220,775
346,220,766
347,220,761
348,220,777
349,220,758
350,220,793
351,220,764
352,220,781
353,220,754
354,220,770
355,220,761
356,220,768
357,220,772
358,220,765
359,220,772
360,220,762
361,220,772
362,220,745
363,220,775
364,220,743
365,220,774
366,220,755
367,220,770
368,220,763
369,220,764
370,220,775
371,220,759
372,220,780
373,220,760
374,220,775
375,220,755
376,220,768
377,220,763
378,220,764
379,220,770
380,220,765
381,220,759
74,221,777
75,221,769
76,221,769
77,221,769
78,221,760
79,221,773
80,221,774
81,221,771
82,221,769
83,221,759
84,221,768
85,221,768
86,221,766
87,221,753
88,221,774
89,221,763
90,221,772
91,221,761
92,221,781
93,221,768
94,221,772
95,221,777
96,221,778
97,221,768
98,221,758
99,221,772
100,221,773
101,221,779
102,221,757
103,221,769
104,221,765
105,221,764
106,221,771
107,221,777
108,221,776
109,221,775
110,221,772
111,221,780
112,221,743
113,221,785
114,221,756
115,221,762
116,221,750
117,221,768
118,221,762
119,221,766
120,221,763
121,221,764
122,221,761
123,221,758
124,221,754
125,221,763
126,221,761
127,221,757
128,221,781
129,221,752
130,221,781
131,221,752
132,221,776
133,221,751
134,221,776
135,221,768
136,221,751
137,221,762
138,221,760
139,221,773
140,221,761
141,221,776
142,221,752
143,221,760
144,221,765
145,221,774
146,221,749
147,221,763
148,221,759
149,221,776
150,221,760
151,221,756
152,221,776
153,221,755
154,221,786
155,221,749
156,221,783
157,221,753
158,221,757
159,221,773
160,221,766
161,221,772
162,221,752
163,221,777
164,221,760
165,221,778
166,221,769
167,221,772
168,221,774
169,221,774
170,221,763
171,221,758
172,221,775
173,221,763
174,221,768
175,221,764
176,221,756
177,221,762
178,221,767
179,221,770
180,221,769
181,221,766
182,221,765
183,221,767
184,221,772
185,221,776
186,221,757
187,221,771
188,221,772
189,221,761
190,221,766
191,221,764
192,221,776
193,221,748
194,221,763
195,221,763
196,221,765
197,221,776
198,221,760
199,221,766
200,221,773
201,221,763
202,221,775
203,221,753
204,221,769
205,221,761
206,221,768
207,221,770
208,221,765
209,221,777
210,221,763
211,221,764
212,221,775
213,221,770
214,221,779
215,221,789
216,221,788
217,221,780
218,221,783
219,221,780
220,221,758
221,221,759
222,221,770
223,221,767
224,221,758
225,221,764
226,221,770
227,221,764
228,221,767
229,221,770
230,221,778
231,221,775
232,221,770
233,221,771
234,221,772
235,221,767
236,221,764
237,221,767
238,221,759
239,221,771
240,221,760
241,221,771
242,221,779
243,221,775
244,221,775
245,221,767
246,221,766
247,221,773
248,221,758
249,221,787
250,221,751
251,221,772
252,221,763
253,221,777
254,221,773
255,221,768
256,221,792
257,221,761
258,221,788
259,221,769
260,221,778
261,221,781
262,221,771
263,221,791
264,221,770
265,221,759
266,221,785
267,221,792
268,221,794
269,221,811
270,221,817
271,221,813
272,221,809
273,221,787
274,221,776
275,221,764
276,221,770
277,221,774
278,221,766
279,221,775
280,221,762
281,221,772
282,221,763
283,221,772
284,221,769
285,221,766
286,221,782
287,221,753
288,221,782
289,221,769
290,221,789
291,221,781
292,221,777
293,221,796
294,221,770
295,221,796
296,221,823
297,221,851
298,221,855
299,221,862
300,221,865
301,221,818
302,221,848
303,221,840
304,221,868
305,221,878
306,221,885
307,221,862
308,221,841
309,221,805
310,221,804
311,221,796
312,221,771
313,221,781
314,221,773
315,221,777
316,221,764
317,221,754
318,221,778
319,221,771
320,221,769
321,221,758
322,221,779
323,221,756
324,221,774
325,221,767
326,221,755
327,221,775
328,221,755
329,221,767
330,221,769
331,221,756
332,221,770
333,221,757
334,221,771
335,221,771
336,221,759
337,221,769
338,221,760
339,221,761
340,221,757
341,221,758
342,221,773
343,221,757
344,221,768
345,221,767
346,221,777
347,221,762
348,221,761
349,221,768
350,221,757
351,221,768
352,221,770
353,221,764
354,221,772
355,221,770
356,221,771
357,221,768
358,221,768
359,221,770
360,221,756
361,221,766
362,221,759
363,221,769
364,221,761
365,221,774
366,221,757
367,221,767
368,221,764
369,221,767
370,221,770
371,221,767
372,221,780
373,221,761
374,221,765
375,221,768
376,221,765
377,221,757
378,221,758
379,221,771
380,221,752
381,221,772
73,222,766
74,222,767
75,222,767
76,222,768
77,222,769
78,222,766
79,222,771
80,222,780
81,222,767
82,222,771
83,222,758
84,222,779
85,222,759
86,222,769
87,222,763
88,222,775
89,222,769
90,222,767
91,222,762
92,222,783
93,222,768
94,222,778
95,222,761
96,222,775
97,222,760
98,222,777
99,222,761
100,222,773
101,222,767
102,222,769
103,222,775
104,222,769
105,222,762
106,222,759
107,222,763
108,222,764
109,222,768
110,222,772
111,222,767
112,222,771
113,222,757
114,222,758
115,222,759
116,222,774
117,222,764
118,222,766
119,222,754
120,222,762
121,222,772
122,222,762
123,222,763
124,222,763
125,222,768
126,222,752
127,222,761
128,222,768
129,222,767
130,222,766
131,222,768
132,222,776
133,222,757
134,222,770
135,222,762
136,222,760
137,222,765
138,222,748
139,222,765
140,222,755
141,222,777
142,222,764
143,222,770
144,222,769
145,222,767
146,222,761
147,222,761
148,222,774
149,222,750
150,222,757
151,222,757
152,222,770
153,222,777
154,222,766
155,222,765
156,222,768
157,222,756
158,222,768
159,222,751
160,222,763
161,222,756
162,222,759
163,222,775
164,222,761
165,222,778
166,222,772
167,222,763
168,222,788
169,222,760
170,222,774
171,222,768
172,222,769
173,222,764
174,222,772
175,222,771
176,222,769
177,222,767
178,222,756
179,222,774
180,222,756
181,222,769
182,222,764
183,222,767
184,222,766
185,222,758
186,222,774
187,222,762
188,222,772
189,222,766
190,222,767
191,222,769
192,222,760
193,222,769
194,222,770
195,222,773
196,222,764
197,222,772
198,222,756
199,222,769
200,222,763
201,222,749
202,222,771
203,222,757
204,222,783
205,222,746
206,222,773
207,222,759
208,222,754
209,222,779
210,222,754
211,222,774
212,222,769
213,222,757
214,222,779
215,222,779
216,222,783
217,222,764
218,222,782
219,222,766
220,222,769
221,222,776
222,222,776
223,222,766
224,222,769
225,222,774
226,222,770
227,222,771
228,222,767
229,222,771
230,222,769
231,222,764
232,222,772
233,222,759
234,222,771
235,222,769
236,222,756
237,222,763
238,222,764
239,222,766
240,222,757
241,222,775
242,222,760
243,222,780
244,222,765
245,222,764
246,222,775
247,222,762
248,222,776
249,222,761
250,222,771
251,222,780
252,222,759
253,222,776
254,222,757
255,222,771
256,222,768
257,222,754
258,222,769
259,222,770
260,222,772
261,222,770
262,222,761
263,222,773
264,222,766
265,222,770
266,222,770
267,222,766
268,222,795
269,222,790
270,222,817
271,222,827
272,222,821
273,222,816
274,222,799
275,222,768
276,222,767
277,222,770
278,222,765
279,222,769
280,222,766
281,222,786
282,222,771
283,222,758
284,222,759
285,222,773
286,222,777
287,222,763
288,222,779
289,222,765
290,222,761
291,222,775
292,222,768
293,222,778
294,222,775
295,222,779
296,222,786
297,222,800
298,222,800
299,222,801
300,222,814
301,222,831
302,222,845
303,222,830
304,222,848
305,222,877
306,222,827
307,222,861
308,222,802
309,222,824
310,222,801
311,222,775
312,222,772
313,222,758
314,222,770
315,222,765
316,222,765
317,222,768
318,222,772
319,222,756
320,222,770
321,222,765
322,222,777
323,222,773
324,222,764
325,222,782
326,222,761
327,222,775
328,222,760
329,222,774
330,222,769
331,222,750
332,222,783
333,222,751
334,222,776
335,222,756
336,222,767
337,222,762
338,222,766
339,222,764
340,222,757
341,222,777
342,222,757
343,222,772
344,222,761
345,222,769
346,222,771
347,222,761
348,222,768
349,222,753
350,222,768
351,222,763
352,222,771
353,222,757
354,222,763
355,222,762
356,222,772
357,222,767
358,222,771
359,222,772
360,222,774
361,222,767
362,222,770
363,222,770
364,222,760
365,222,764
366,222,755
367,222,777
368,222,752
369,222,783
370,222,773
371,222,775
372,222,761
373,222,766
374,222,782
375,222,746
376,222,774
377,222,759
378,222,766
379,222,762
380,222,773
381,222,775
382,222,770
73,223,761
74,223,763
75,223,760
76,223,756
77,223,754
78,223,755
79,223,767
80,223,756
81,223,762
82,223,759
83,223,771
84,223,763
85,223,759
86,223,767
87,223,763
88,223,772
89,223,765
90,223,775
91,223,752
92,223,775
93,223,758
94,223,772
95,223,746
96,223,766
97,223,754
98,223,763
99,223,755
100,223,766
101,223,752
102,223,774
103,223,760
104,223,766
105,223,765
106,223,760
107,223,762
108,223,773
109,223,769
110,223,770
111,223,764
112,223,768
113,223,772
114,223,747
115,223,770
116,223,767
117,223,759
118,223,765
119,223,765
120,223,761
121,223,767
122,223,762
123,223,773
124,223,757
125,223,775
126,223,755
127,223,783
128,223,756
129,223,770
130,223,773
131,223,754
132,223,776
133,223,757
134,223,773
135,223,749
136,223,768
137,223,757
138,223,770
139,223,765
140,223,757
141,223,763
142,223,764
143,223,763
144,223,757
145,223,771
146,223,767
147,223,774
148,223,767
149,223,768
150,223,761
151,223,756
152,223,771
153,223,760
154,223,769
155,223,758
156,223,772
157,223,763
158,223,758
159,223,762
160,223,768
161,223,759
162,223,776
163,223,765
164,223,761
165,223,771
166,223,751
167,223,773
168,223,744
169,223,771
170,223,758
171,223,759
172,223,768
173,223,756
174,223,771
175,223,759
176,223,771
177,223,772
178,223,769
179,223,776
180,223,761
181,223,769
182,223,765
183,223,769
184,223,773
185,223,770
186,223,782
187,223,774
188,223,761
189,223,778
190,223,765
191,223,771
192,223,767
193,223,757
194,223,773
195,223,753
196,223,771
197,223,758
198,223,759
199,223,771
200,223,753
201,223,770
202,223,774
203,223,771
204,223,775
205,223,762
206,223,759
207,223,770
208,223,755
209,223,772
210,223,765
211,223,777
212,223,757
213,223,781
214,223,768
215,223,765
216,223,769
217,223,770
218,223,776
219,223,776
220,223,770
221,223,757
222,223,764
223,223,768
224,223,744
225,223,772
226,223,772
227,223,757
228,223,771
229,223,752
230,223,780
231,223,757
232,223,783
233,223,768
234,223,777
235,223,769
236,223,763
237,223,765
238,223,769
239,223,768
240,223,777
241,223,767
242,223,770
243,223,780
244,223,772
245,223,774
246,223,779
247,223,762
248,223,784
249,223,771
250,223,769
251,223,784
252,223,779
253,223,783
254,223,763
255,223,778
256,223,768
257,223,770
258,223,785
259,223,753
260,223,789
261,223,755
262,223,768
263,223,770
264,223,768
265,223,779
266,223,780
267,223,792
268,223,760
269,223,795
270,223,843
271,223,846
272,223,879
273,223,824
274,223,825
275,223,770
276,223,765
277,223,777
278,223,764
279,223,778
280,223,763
281,223,778
282,223,775
283,223,768
284,223,765
285,223,772
286,223,767
287,223,773
288,223,773
289,223,766
290,223,775
291,223,758
292,223,775
293,223,780
294,223,787
295,223,796
296,223,782
297,223,811
298,223,816
299,223,803
300,223,815
301,223,818
302,223,839
303,223,831
304,223,849
305,223,822
306,223,842
307,223,811
308,223,798
309,223,819
310,223,786
311,223,779
312,223,764
313,223,766
314,223,755
315,223,765
316,223,763
317,223,774
318,223,766
319,223,770
320,223,768
321,223,758
322,223,767
323,223,761
324,223,764
325,223,763
326,223,767
327,223,771
328,223,767
329,223,775
330,223,756
331,223,768
332,223,767
333,223,766
334,223,778
335,223,766
336,223,778
337,223,774
338,223,764
339,223,773
340,223,761
341,223,777
342,223,770
343,223,759
344,223,762
345,223,753
346,223,763
347,223,761
348,223,760
349,223,752
350,223,768
351,223,753
352,223,760
353,223,748
354,223,767
355,223,771
356,223,759
357,223,765
358,223,763
359,223,779
360,223,767
361,223,775
362,223,759
363,223,776
364,223,764
365,223,760
366,223,757
367,223,758
368,223,765
369,223,792
370,223,770
371,223,768
372,223,768
373,223,764
374,223,768
375,223,756
376,223,776
377,223,748
378,223,778
379,223,745
380,223,770
381,223,763
382,223,764
72,224,772
73,224,759
74,224,768
75,224,762
76,224,770
77,224,768
78,224,763
79,224,758
80,224,763
81,224,765
82,224,767
83,224,765
84,224,761
85,224,770
86,224,756
87,224,779
88,224,760
89,224,758
90,224,768
91,224,764
92,224,756
93,224,769
94,224,765
95,224,762
96,224,756
97,224,765
98,224,764
99,224,761
100,224,776
101,224,765
102,224,775
103,224,763
104,224,763
105,224,758
106,224,772
107,224,766
108,224,775
109,224,762
110,224,769
111,224,749
112,224,753
113,224,763
114,224,764
115,224,753
116,224,757
117,224,772
118,224,761
119,224,767
120,224,769
121,224,760
122,224,771
123,224,768
124,224,773
125,224,767
126,224,766
127,224,758
128,224,770
129,224,779
130,224,769
131,224,770
132,224,766
133,224,777
134,224,774
135,224,764
136,224,770
137,224,764
138,224,775
139,224,770
140,224,771
141,224,770
142,224,767
143,224,781
144,224,763
145,224,777
146,224,764
147,224,770
148,224,772
149,224,760
150,224,775
151,224,766
152,224,778
153,224,761
154,224,764
155,224,772
156,224,771
157,224,777
158,224,774
159,224,772
160,224,765
161,224,765
162,224,761
163,224,769
164,224,770
165,224,762
166,224,774
167,224,763
168,224,769
169,224,773
170,224,760
171,224,779
172,224,770
173,224,768
174,224,772
175,224,767
176,224,778
177,224,760
178,224,770
179,224,773
180,224,761
181,224,780
182,224,765
183,224,782
184,224,758
185,224,768
186,224,777
187,224,761
188,224,778
189,224,747
190,224,777
191,224,776
192,224,753
193,224,767
194,224,760
195,224,772
196,224,771
197,224,778
198,224,773
199,224,768
200,224,766
201,224,767
202,224,761
203,224,764
204,224,763
205,224,767
206,224,773
207,224,761
208,224,770
209,224,763
210,224,757
211,224,766
212,224,761
213,224,767
214,224,771
215,224,777
216,224,767
217,224,776
218,224,769
219,224,766
220,224,778
221,224,775
222,224,778
223,224,767
224,224,761
225,224,778
226,224,756
227,224,780
228,224,760
229,224,765
230,224,768
231,224,757
232,224,767
233,224,766
234,224,766
235,224,774
236,224,753
237,224,757
238,224,775
239,224,771
240,224,778
241,224,762
242,224,773
243,224,764
244,224,764
245,224,769
246,224,764
247,224,776
248,224,781
249,224,775
250,224,783
251,224,766
252,224,779
253,224,769
254,224,766
255,224,776
256,224,765
257,224,762
258,224,770
259,224,769
260,224,771
261,224,772
262,224,764
263,224,782
264,224,772
265,224,779
266,224,778
267,224,778
268,224,784
269,224,818
270,224,853
271,224,880
272,224,895
273,224,865
274,224,821
275,224,783
276,224,769
277,224,784
278,224,763
279,224,765
280,224,771
281,224,777
282,224,780
283,224,773
284,224,781
285,224,769
286,224,773
287,224,773
288,224,768
289,224,774
290,224,759
291,224,767
292,224,773
293,224,767
294,224,783
295,224,790
296,224,804
297,224,820
298,224,817
299,224,793
300,224,837
301,224,807
302,224,837
303,224,829
304,224,850
305,224,820
306,224,808
307,224,832
308,224,786
309,224,796
310,224,786
311,224,793
312,224,773
313,224,774
314,224,779
315,224,764
316,224,789
317,224,772
318,224,766
319,224,779
320,224,768
321,224,770
322,224,770
323,224,766
324,224,761
325,224,767
326,224,765
327,224,774
328,224,760
329,224,761
330,224,768
331,224,771
332,224,773
333,224,763
334,224,772
335,224,757
336,224,771
337,224,761
338,224,766
339,224,758
340,224,761
341,224,771
342,224,771
343,224,780
344,224,768
345,224,781
346,224,761
347,224,777
348,224,755
349,224,773
350,224,774
351,224,761
352,224,770
353,224,757
354,224,786
355,224,768
356,224,777
357,224,767
358,224,784
359,224,780
360,224,771
361,224,764
362,224,763
363,224,765
364,224,762
365,224,765
366,224,753
367,224,776
368,224,768
369,224,775
370,224,769
371,224,776
372,224,762
373,224,770
374,224,771
375,224,769
376,224,771
377,224,758
378,224,761
379,224,755
380,224,762
381,224,766
382,224,772
383,224,764
72,225,775
73,225,759
74,225,781
75,225,755
76,225,775
77,225,770
78,225,765
79,225,773
80,225,777
81,225,758
82,225,774
83,225,768
84,225,763
85,225,767
86,225,771
87,225,774
88,225,775
89,225,765
90,225,769
91,225,774
92,225,770
93,225,758
94,225,777
95,225,766
96,225,766
97,225,768
98,225,763
99,225,776
100,225,769
101,225,772
102,225,767
103,225,765
104,225,776
105,225,760
106,225,766
107,225,752
108,225,774
109,225,756
110,225,781
111,225,757
112,225,764
113,225,761
114,225,759
115,225,776
116,225,763
117,225,781
118,225,759
119,225,767
120,225,768
121,225,771
122,225,760
123,225,768
124,225,756
125,225,776
126,225,765
127,225,766
128,225,771
129,225,779
130,225,762
131,225,779
132,225,766
133,225,772
134,225,760
135,225,773
136,225,770
137,225,766
138,225,770
139,225,771
140,225,774
141,225,763
142,225,778
143,225,758
144,225,760
145,225,773
146,225,758
147,225,774
148,225,750
149,225,779
150,225,765
151,225,768
152,225,771
153,225,772
154,225,770
155,225,765
156,225,787
157,225,757
158,225,775
159,225,766
160,225,774
161,225,774
162,225,775
163,225,774
164,225,766
165,225,774
166,225,765
167,225,761
168,225,769
169,225,770
170,225,769
171,225,779
172,225,766
173,225,771
174,225,762
175,225,754
176,225,772
177,225,768
178,225,771
179,225,760
180,225,765
181,225,768
182,225,763
183,225,776
184,225,779
185,225,772
186,225,768
187,225,768
188,225,768
189,225,759
190,225,772
191,225,764
192,225,778
193,225,769
194,225,767
195,225,785
196,225,761
197,225,769
198,225,771
199,225,767
200,225,774
201,225,774
202,225,769
203,225,765
204,225,776
205,225,772
206,225,765
207,225,775
208,225,767
209,225,769
210,225,770
211,225,764
212,225,770
213,225,762
214,225,765
215,225,769
216,225,769
217,225,779
218,225,761
219,225,763
220,225,776
221,225,758
222,225,762
223,225,763
224,225,770
225,225,771
226,225,764
227,225,776
228,225,754
229,225,771
230,225,775
231,225,770
232,225,779
233,225,770
234,225,770
235,225,770
236,225,773
237,225,776
238,225,752
239,225,788
240,225,751
241,225,764
242,225,768
243,225,770
244,225,783
245,225,768
246,225,772
247,225,768
248,225,768
249,225,774
250,225,776
251,225,777
252,225,771
253,225,780
254,225,759
255,225,776
256,225,766
257,225,772
258,225,767
259,225,770
260,225,772
261,225,753
262,225,777
263,225,762
264,225,777
265,225,777
266,225,786
267,225,787
268,225,799
269,225,823
270,225,838
271,225,859
272,225,836
273,225,834
274,225,803
275,225,783
276,225,784
277,225,772
278,225,783
279,225,780
280,225,768
281,225,766
282,225,774
283,225,783
284,225,772
285,225,765
286,225,782
287,225,770
288,225,788
289,225,771
290,225,777
291,225,777
292,225,774
293,225,774
294,225,780
295,225,773
296,225,795
297,225,800
298,225,800
299,225,814
300,225,792
301,225,817
302,225,813
303,225,813
304,225,818
305,225,790
306,225,807
307,225,796
308,225,798
309,225,781
310,225,760
311,225,780
312,225,770
313,225,776
314,225,761
315,225,772
316,225,778
317,225,761
318,225,783
319,225,769
320,225,773
321,225,776
322,225,767
323,225,771
324,225,774
325,225,771
326,225,775
327,225,767
328,225,770
329,225,780
330,225,775
331,225,771
332,225,770
333,225,771
334,225,770
335,225,766
336,225,761
337,225,769
338,225,757
339,225,775
340,225,761
341,225,765
342,225,773
343,225,763
344,225,777
345,225,748
346,225,770
347,225,763
348,225,757
349,225,759
350,225,767
351,225,768
352,225,772
353,225,761
354,225,782
355,225,755
356,225,774
357,225,761
358,225,764
359,225,776
360,225,768
361,225,773
362,225,762
363,225,771
364,225,773
365,225,770
366,225,772
367,225,758
368,225,779
369,225,766
370,225,776
371,225,769
372,225,776
373,225,778
374,225,758
375,225,772
376,225,771
377,225,767
378,225,771
379,225,765
380,225,772
381,225,766
382,225,778
383,225,760
72,226,771
73,226,765
74,226,766
75,226,767
76,226,778
77,226,767
78,226,762
79,226,764
80,226,765
81,226,771
82,226,768
83,226,766
84,226,761
85,226,766
86,226,770
87,226,774
88,226,763
89,226,769
90,226,762
91,226,774
92,226,765
93,226,762
94,226,759
95,226,771
96,226,766
97,226,770
98,226,773
99,226,771
100,226,766
101,226,771
102,226,768
103,226,768
104,226,772
105,226,767
106,226,763
107,226,758
108,226,771
109,226,768
110,226,779
111,226,762
112,226,778
113,226,761
114,226,769
115,226,773
116,226,781
117,226,768
118,226,759
119,226,776
120,226,759
121,226,775
122,226,763
123,226,765
124,226,760
125,226,770
126,226,767
127,226,763
128,226,768
129,226,772
130,226,766
131,226,765
132,226,759
133,226,777
134,226,766
135,226,765
136,226,767
137,226,769
138,226,781
139,226,763
140,226,772
141,226,772
142,226,764
143,226,770
144,226,775
145,226,770
146,226,764
147,226,766
148,226,769
149,226,771
150,226,765
151,226,767
152,226,756
153,226,770
154,226,759
155,226,755
156,226,770
157,226,757
158,226,782
159,226,767
160,226,771
161,226,768
162,226,753
163,226,779
164,226,759
165,226,770
166,226,752
167,226,764
168,226,759
169,226,763
170,226,772
171,226,765
172,226,767
173,226,758
174,226,767
175,226,770
176,226,774
177,226,766
178,226,774
179,226,758
180,226,768
181,226,762
182,226,769
183,226,783
184,226,756
185,226,774
186,226,772
187,226,767
188,226,777
189,226,758
190,226,776
191,226,761
192,226,770
193,226,768
194,226,763
195,226,761
196,226,762
197,226,771
198,226,770
199,226,780
200,226,765
201,226,767
202,226,769
203,226,753
204,226,767
205,226,763
206,226,778
207,226,761
208,226,775
209,226,773
210,226,766
211,226,775
212,226,752
213,226,773
214,226,767
215,226,771
216,226,758
217,226,769
218,226,769
219,226,761
220,226,790
221,226,760
222,226,771
223,226,773
224,226,769
225,226,767
226,226,779
227,226,768
228,226,753
229,226,778
230,226,765
231,226,772
232,226,770
233,226,770
234,226,771
235,226,754
236,226,768
237,226,762
238,226,778
239,226,763
240,226,766
241,226,777
242,226,781
243,226,768
244,226,780
245,226,772
246,226,770
247,226,771
248,226,769
249,226,783
250,226,777
251,226,769
252,226,774
253,226,765
254,226,773
255,226,779
256,226,782
257,226,774
258,226,775
259,226,767
260,226,768
261,226,764
262,226,762
263,226,766
264,226,777
265,226,763
266,226,776
267,226,770
268,226,785
269,226,783
270,226,809
271,226,806
272,226,803
273,226,795
274,226,787
275,226,772
276,226,789
277,226,771
278,226,774
279,226,781
280,226,771
281,226,773
282,226,770
283,226,783
284,226,773
285,226,770
286,226,778
287,226,762
288,226,776
289,226,786
290,226,775
291,226,779
292,226,772
293,226,783
294,226,782
295,226,782
296,226,778
297,226,792
298,226,796
299,226,800
300,226,805
301,226,788
302,226,782
303,226,810
304,226,776
305,226,794
306,226,809
307,226,791
308,226,801
309,226,769
310,226,770
311,226,793
312,226,773
313,226,790
314,226,764
315,226,777
316,226,770
317,226,769
318,226,768
319,226,769
320,226,773
321,226,769
322,226,771
323,226,775
324,226,782
325,226,781
326,226,772
327,226,775
328,226,764
329,226,772
330,226,778
331,226,772
332,226,776
333,226,775
334,226,765
335,226,772
336,226,779
337,226,765
338,226,769
339,226,775
340,226,769
341,226,769
342,226,781
343,226,777
344,226,764
345,226,774
346,226,768
347,226,777
348,226,763
349,226,775
350,226,770
351,226,773
352,226,763
353,226,773
354,226,762
355,226,763
356,226,768
357,226,759
358,226,772
359,226,766
360,226,769
361,226,759
362,226,762
363,226,767
364,226,774
365,226,778
366,226,762
367,226,771
368,226,769
369,226,767
370,226,775
371,226,763
372,226,766
373,226,771
374,226,768
375,226,778
376,226,770
377,226,769
378,226,770
379,226,771
380,226,770
381,226,769
382,226,763
383,226,769
384,226,759
71,227,781
72,227,774
73,227,775
74,227,766
75,227,770
76,227,780
77,227,768
78,227,768
79,227,767
80,227,775
81,227,778
82,227,767
83,227,771
84,227,770
85,227,770
86,227,772
87,227,775
88,227,765
89,227,757
90,227,763
91,227,760
92,227,759
93,227,763
94,227,777
95,227,763
96,227,772
97,227,759
98,227,777
99,227,777
100,227,772
101,227,773
102,227,778
103,227,785
104,227,780
105,227,775
106,227,776
107,227,760
108,227,772
109,227,766
110,227,772
111,227,764
112,227,775
113,227,760
114,227,781
115,227,773
116,227,780
117,227,768
118,227,774
119,227,772
120,227,770
121,227,772
122,227,764
123,227,775
124,227,767
125,227,778
126,227,767
127,227,773
128,227,769
129,227,767
130,227,768
131,227,764
132,227,769
133,227,762
134,227,769
135,227,763
136,227,771
137,227,761
138,227,760
139,227,757
140,227,767
141,227,765
142,227,772
143,227,773
144,227,764
145,227,786
146,227,756
147,227,764
148,227,767
149,227,764
150,227,766
151,227,774
152,227,765
153,227,778
154,227,762
155,227,770
156,227,760
157,227,775
158,227,789
159,227,766
160,227,781
161,227,759
162,227,775
163,227,765
164,227,774
165,227,775
166,227,761
167,227,768
168,227,757
169,227,773
170,227,772
171,227,762
172,227,764
173,227,771
174,227,764
175,227,763
176,227,759
177,227,756
178,227,766
179,227,766
180,227,776
181,227,769
182,227,768
183,227,767
184,227,764
185,227,773
186,227,768
187,227,771
188,227,769
189,227,765
190,227,770
191,227,768
192,227,764
193,227,774
194,227,766
195,227,771
196,227,780
197,227,763
198,227,766
199,227,774
200,227,770
201,227,765
202,227,770
203,227,757
204,227,764
205,227,763
206,227,765
207,227,766
208,227,772
209,227,760
210,227,760
211,227,763
212,227,766
213,227,768
214,227,771
215,227,755
216,227,769
217,227,758
218,227,772
219,227,758
220,227,757
221,227,776
222,227,763
223,227,773
224,227,764
225,227,765
226,227,762
227,227,763
228,227,766
229,227,765
230,227,756
231,227,765
232,227,772
233,227,767
234,227,769
235,227,770
236,227,772
237,227,766
238,227,765
239,227,771
240,227,759
241,227,783
242,227,775
243,227,768
244,227,769
245,227,762
246,227,790
247,227,768
248,227,774
249,227,772
250,227,776
251,227,771
252,227,775
253,227,777
254,227,776
255,227,784
256,227,785
257,227,780
258,227,766
259,227,771
260,227,783
261,227,765
262,227,768
263,227,778
264,227,780
265,227,786
266,227,771
267,227,784
268,227,775
269,227,786
270,227,790
271,227,770
272,227,780
273,227,783
274,227,771
275,227,775
276,227,770
277,227,777
278,227,773
279,227,772
280,227,770
281,227,769
282,227,765
283,227,797
284,227,751
285,227,780
286,227,770
287,227,763
288,227,787
289,227,768
290,227,780
291,227,760
292,227,777
293,227,781
294,227,765
295,227,780
296,227,761
297,227,777
298,227,770
299,227,776
300,227,778
301,227,790
302,227,787
303,227,786
304,227,790
305,227,791
306,227,789
307,227,776
308,227,781
309,227,770
310,227,778
311,227,775
312,227,770
313,227,772
314,227,767
315,227,766
316,227,774
317,227,778
318,227,772
319,227,781
320,227,776
321,227,759
322,227,771
323,227,769
324,227,783
325,227,765
326,227,782
327,227,775
328,227,764
329,227,767
330,227,760
331,227,780
332,227,758
333,227,767
334,227,772
335,227,767
336,227,766
337,227,768
338,227,767
339,227,774
340,227,765
341,227,774
342,227,761
343,227,767
344,227,767
345,227,761
346,227,770
347,227,773
348,227,771
349,227,768
350,227,768
351,227,778
352,227,780
353,227,769
354,227,775
355,227,770
356,227,766
357,227,762
358,227,774
359,227,771
360,227,776
361,227,768
362,227,769
363,227,775
364,227,772
365,227,779
366,227,777
367,227,774
368,227,771
369,227,774
370,227,780
371,227,771
372,227,786
373,227,772
374,227,772
375,227,766
376,227,771
377,227,765
378,227,776
379,227,761
380,227,783
381,227,767
382,227,776
383,227,771
384,227,772
71,228,770
72,228,771
73,228,764
74,228,764
75,228,766
76,228,766
77,228,758
78,228,764
79,228,766
80,228,773
81,228,769
82,228,775
83,228,776
84,228,767
85,228,769
86,228,767
87,228,779
88,228,758
89,228,764
90,228,764
91,228,789
92,228,760
93,228,774
94,228,756
95,228,776
96,228,763
97,228,770
98,228,770
99,228,767
100,228,772
101,228,772
102,228,781
103,228,792
104,228,778
105,228,773
106,228,771
107,228,775
108,228,763
109,228,765
110,228,768
111,228,766
112,228,773
113,228,772
114,228,773
115,228,776
116,228,777
117,228,773
118,228,763
119,228,771
120,228,760
121,228,776
122,228,763
123,228,770
124,228,765
125,228,768
126,228,773
127,228,767
128,228,767
129,228,773
130,228,766
131,228,776
132,228,768
133,228,772
134,228,763
135,228,765
136,228,780
137,228,763
138,228,777
139,228,763
140,228,787
141,228,768
142,228,775
143,228,775
144,228,770
145,228,779
146,228,778
147,228,761
148,228,774
149,228,769
150,228,769
151,228,762
152,228,767
153,228,767
154,228,765
155,228,775
156,228,764
157,228,773
158,228,776
159,228,760
160,228,775
161,228,763
162,228,773
163,228,772
164,228,763
165,228,771
166,228,765
167,228,776
168,228,761
169,228,769
170,228,766
171,228,770
172,228,770
173,228,773
174,228,769
175,228,761
176,228,767
177,228,770
178,228,775
179,228,764
180,228,772
181,228,765
182,228,765
183,228,770
184,228,765
185,228,776
186,228,771
187,228,773
188,228,759
189,228,758
190,228,771
191,228,767
192,228,773
193,228,771
194,228,764
195,228,768
196,228,765
197,228,768
198,228,755
199,228,773
200,228,770
201,228,787
202,228,763
203,228,765
204,228,767
205,228,761
206,228,777
207,228,752
208,228,772
209,228,756
210,228,771
211,228,770
212,228,767
213,228,777
214,228,755
215,228,781
216,228,768
217,228,773
218,228,787
219,228,767
220,228,781
221,228,774
222,228,765
223,228,763
224,228,774
225,228,775
226,228,776
227,228,773
228,228,778
229,228,782
230,228,770
231,228,774
232,228,772
233,228,781
234,228,766
235,228,773
236,228,772
237,228,762
238,228,766
239,228,753
240,228,776
241,228,776
242,228,770
243,228,769
244,228,763
245,228,774
246,228,775
247,228,771
248,228,775
249,228,768
250,228,774
251,228,775
252,228,780
253,228,772
254,228,776
255,228,781
256,228,768
257,228,778
258,228,772
259,228,762
260,228,765
261,228,762
262,228,777
263,228,761
264,228,768
265,228,774
266,228,768
267,228,785
268,228,781
269,228,785
270,228,780
271,228,789
272,228,788
273,228,772
274,228,794
275,228,778
276,228,765
277,228,780
278,228,770
279,228,765
280,228,768
281,228,768
282,228,767
283,228,762
284,228,768
285,228,781
286,228,775
287,228,786
288,228,780
289,228,776
290,228,778
291,228,780
292,228,786
293,228,783
294,228,775
295,228,787
296,228,774
297,228,789
298,228,780
299,228,778
300,228,785
301,228,777
302,228,797
303,228,772
304,228,784
305,228,769
306,228,783
307,228,775
308,228,774
309,228,785
310,228,766
311,228,778
312,228,761
313,228,773
314,228,756
315,228,763
316,228,777
317,228,770
318,228,779
319,228,763
320,228,769
321,228,764
322,228,772
323,228,774
324,228,764
325,228,761
326,228,762
327,228,764
328,228,774
329,228,769
330,228,771
331,228,766
332,228,759
333,228,769
334,228,764
335,228,764
336,228,775
337,228,759
338,228,782
339,228,757
340,228,776
341,228,763
342,228,760
343,228,766
344,228,756
345,228,782
346,228,770
347,228,762
348,228,763
349,228,770
350,228,772
351,228,769
352,228,764
353,228,768
354,228,757
355,228,766
356,228,759
357,228,767
358,228,779
359,228,760
360,228,772
361,228,767
362,228,764
363,228,768
364,228,756
365,228,762
366,228,768
367,228,765
368,228,760
369,228,760
370,228,768
371,228,774
372,228,752
373,228,774
374,228,759
375,228,774
376,228,761
377,228,780
378,228,768
379,228,769
380,228,761
381,228,756
382,228,768
383,228,749
384,228,769
70,229,764
71,229,760
72,229,769
73,229,756
74,229,770
75,229,763
76,229,771
77,229,763
78,229,773
79,229,765
80,229,764
81,229,747
82,229,776
83,229,758
84,229,766
85,229,760
86,229,771
87,229,753
88,229,768
89,229,757
90,229,763
91,229,763
92,229,765
93,229,771
94,229,761
95,229,767
96,229,760
97,229,758
98,229,761
99,229,759
100,229,780
101,229,756
102,229,778
103,229,775
104,229,787
105,229,772
106,229,789
107,229,761
108,229,773
109,229,774
110,229,769
111,229,768
112,229,768
113,229,766
114,229,772
115,229,760
116,229,766
117,229,765
118,229,764
119,229,763
120,229,756
121,229,761
122,229,759
123,229,775
124,229,753
125,229,768
126,229,762
127,229,776
128,229,760
129,229,759
130,229,760
131,229,775
132,229,767
133,229,772
134,229,759
135,229,770
136,229,767
137,229,762
138,229,778
139,229,752
140,229,778
141,229,760
142,229,766
143,229,764
144,229,766
145,229,767
146,229,772
147,229,786
148,229,752
149,229,777
150,229,757
151,229,768
152,229,782
153,229,765
154,229,774
155,229,765
156,229,772
157,229,769
158,229,772
159,229,772
160,229,771
161,229,768
162,229,772
163,229,769
164,229,778
165,229,768
166,229,759
167,229,764
168,229,760
169,229,777
170,229,777
171,229,769
172,229,760
173,229,765
174,229,762
175,229,761
176,229,765
177,229,764
178,229,765
179,229,758
180,229,765
181,229,761
182,229,772
183,229,758
184,229,760
185,229,769
186,229,742
187,229,768
188,229,761
189,229,772
190,229,766
191,229,762
192,229,787
193,229,773
194,229,773
195,229,777
196,229,766
197,229,775
198,229,765
199,229,762
200,229,771
201,229,758
202,229,767
203,229,771
204,229,766
205,229,774
206,229,764
207,229,777
208,229,771
209,229,746
210,229,762
211,229,757
212,229,771
213,229,776
214,229,767
215,229,775
216,229,755
217,229,761
218,229,766
219,229,751
220,229,778
221,229,758
222,229,765
223,229,758
224,229,773
225,229,776
226,229,769
227,229,775
228,229,763
229,229,780
230,229,772
231,229,775
232,229,780
233,229,770
234,229,767
235,229,759
236,229,768
237,229,767
238,229,769
239,229,774
240,229,766
241,229,780
242,229,771
243,229,766
244,229,767
245,229,755
246,229,782
247,229,766
248,229,764
249,229,768
250,229,781
251,229,774
252,229,783
253,229,761
254,229,770
255,229,768
256,229,757
257,229,787
258,229,766
259,229,771
260,229,763
261,229,772
262,229,776
263,229,761
264,229,786
265,229,762
266,229,775
267,229,783
268,229,763
269,229,781
270,229,776
271,229,777
272,229,782
273,229,779
274,229,768
275,229,764
276,229,774
277,229,775
278,229,765
279,229,761
280,229,771
281,229,770
282,229,777
283,229,769
284,229,768
285,229,784
286,229,771
287,229,774
288,229,767
289,229,771
290,229,770
291,229,770
292,229,783
293,229,775
294,229,777
295,229,768
296,229,776
297,229,780
298,229,787
299,229,787
300,229,774
301,229,791
302,229,775
303,229,783
304,229,783
305,229,773
306,229,784
307,229,776
308,229,792
309,229,770
310,229,779
311,229,776
312,229,768
313,229,784
314,229,763
315,229,765
316,229,776
317,229,770
318,229,773
319,229,771
320,229,768
321,229,762
322,229,767
323,229,764
324,229,759
325,229,779
326,229,779
327,229,777
328,229,781
329,229,769
330,229,780
331,229,772
332,229,779
333,229,774
334,229,772
335,229,781
336,229,775
337,229,770
338,229,766
339,229,766
340,229,781
341,229,757
342,229,771
343,229,770
344,229,767
345,229,776
346,229,766
347,229,778
348,229,757
349,229,762
350,229,770
351,229,762
352,229,769
353,229,769
354,229,771
355,229,768
356,229,768
357,229,766
358,229,767
359,229,766
360,229,776
361,229,764
362,229,762
363,229,772
364,229,780
365,229,763
366,229,762
367,229,771
368,229,774
369,229,765
370,229,756
371,229,757
372,229,751
373,229,761
374,229,765
375,229,765
376,229,766
377,229,771
378,229,765
379,229,779
380,229,767
381,229,759
382,229,774
383,229,763
384,229,773
70,230,758
71,230,775
72,230,765
73,230,785
74,230,761
75,230,779
76,230,769
77,230,780
78,230,774
79,230,773
80,230,772
81,230,774
82,230,786
83,230,768
84,230,776
85,230,770
86,230,785
87,230,777
88,230,775
89,230,782
90,230,776
91,230,765
92,230,754
93,230,778
94,230,763
95,230,777
96,230,778
97,230,769
98,230,765
99,230,779
100,230,757
101,230,778
102,230,770
103,230,778
104,230,767
105,230,788
106,230,773
107,230,765
108,230,780
109,230,767
110,230,765
111,230,757
112,230,760
113,230,774
114,230,772
115,230,764
116,230,784
117,230,768
118,230,778
119,230,780
120,230,774
121,230,789
122,230,763
123,230,785
124,230,761
125,230,784
126,230,781
127,230,762
128,230,778
129,230,772
130,230,773
131,230,770
132,230,769
133,230,772
134,230,767
135,230,767
136,230,770
137,230,763
138,230,768
139,230,758
140,230,775
141,230,767
142,230,766
143,230,759
144,230,772
145,230,774
146,230,763
147,230,768
148,230,763
149,230,775
150,230,768
151,230,775
152,230,767
153,230,769
154,230,766
155,230,768
156,230,778
157,230,761
158,230,779
159,230,767
160,230,774
161,230,767
162,230,771
163,230,770
164,230,771
165,230,780
166,230,786
167,230,774
168,230,769
169,230,779
170,230,778
171,230,780
172,230,779
173,230,767
174,230,772
175,230,774
176,230,780
177,230,769
178,230,778
179,230,759
180,230,771
181,230,767
182,230,777
183,230,768
184,230,773
185,230,786
186,230,765
187,230,773
188,230,766
189,230,775
190,230,781
191,230,777
192,230,790
193,230,763
194,230,793
195,230,765
196,230,774
197,230,769
198,230,758
199,230,777
200,230,764
201,230,768
202,230,770
203,230,770
204,230,770
205,230,773
206,230,761
207,230,772
208,230,772
209,230,773
210,230,788
211,230,768
212,230,782
213,230,775
214,230,774
215,230,773
216,230,774
217,230,779
218,230,771
219,230,779
220,230,777
221,230,778
222,230,776
223,230,765
224,230,776
225,230,786
226,230,773
227,230,780
228,230,767
229,230,771
230,230,765
231,230,766
232,230,770
233,230,767
234,230,771
235,230,775
236,230,766
237,230,769
238,230,769
239,230,768
240,230,770
241,230,767
242,230,770
243,230,782
244,230,774
245,230,766
246,230,784
247,230,778
248,230,778
249,230,782
250,230,771
251,230,778
252,230,768
253,230,784
254,230,772
255,230,774
256,230,780
257,230,756
258,230,770
259,230,777
260,230,786
261,230,780
262,230,771
263,230,773
264,230,775
265,230,770
266,230,770
267,230,777
268,230,777
269,230,784
270,230,781
271,230,782
272,230,775
273,230,778
274,230,783
275,230,767
276,230,773
277,230,777
278,230,774
279,230,786
280,230,760
281,230,780
282,230,779
283,230,767
284,230,763
285,230,779
286,230,785
287,230,774
288,230,772
289,230,767
290,230,779
291,230,760
292,230,783
293,230,768
294,230,782
295,230,784
296,230,762
297,230,786
298,230,768
299,230,780
300,230,769
301,230,789
302,230,785
303,230,779
304,230,779
305,230,791
306,230,770
307,230,767
308,230,784
309,230,766
310,230,787
311,230,769
312,230,773
313,230,786
314,230,759
315,230,794
316,230,762
317,230,771
318,230,784
319,230,757
320,230,787
321,230,769
322,230,789
323,230,767
324,230,764
325,230,777
326,230,770
327,230,771
328,230,768
329,230,771
330,230,774
331,230,775
332,230,775
333,230,780
334,230,772
335,230,786
336,230,776
337,230,771
338,230,771
339,230,759
340,230,783
341,230,758
342,230,782
343,230,771
344,230,778
345,230,773
346,230,773
347,230,777
348,230,779
349,230,775
350,230,768
351,230,768
352,230,763
353,230,778
354,230,766
355,230,783
356,230,769
357,230,781
358,230,780
359,230,777
360,230,774
361,230,754
362,230,774
363,230,768
364,230,781
365,230,785
366,230,781
367,230,779
368,230,767
369,230,768
370,230,773
371,230,761
372,230,778
373,230,761
374,230,761
375,230,761
376,230,767
377,230,766
378,230,774
379,230,767
380,230,760
381,230,782
382,230,783
383,230,777
384,230,764
385,230,768
69,231,763
70,231,763
71,231,769
72,231,757
73,231,761
74,231,757
75,231,776
76,231,744
77,231,780
78,231,753
79,231,785
80,231,756
81,231,770
82,231,757
83,231,779
84,231,764
85,231,788
86,231,758
87,231,784
88,231,771
89,231,773
90,231,770
91,231,777
92,231,770
93,231,780
94,231,768
95,231,772
96,231,761
97,231,770
98,231,754
99,231,779
100,231,768
101,231,789
102,231,776
103,231,777
104,231,775
105,231,778
106,231,776
107,231,783
108,231,764
109,231,775
110,231,764
111,231,772
112,231,774
113,231,756
114,231,780
115,231,760
116,231,785
117,231,752
118,231,774
119,231,752
120,231,768
121,231,762
122,231,761
123,231,775
124,231,761
125,231,775
126,231,762
127,231,784
128,231,776
129,231,764
130,231,775
131,231,765
132,231,777
133,231,780
134,231,764
135,231,774
136,231,767
137,231,779
138,231,750
139,231,783
140,231,767
141,231,768
142,231,777
143,231,753
144,231,778
145,231,753
146,231,766
147,231,773
148,231,768
149,231,770
150,231,770
151,231,771
152,231,768
153,231,760
154,231,765
155,231,777
156,231,764
157,231,775
158,231,760
159,231,770
160,231,767
161,231,762
162,231,762
163,231,764
164,231,771
165,231,765
166,231,773
167,231,768
168,231,767
169,231,764
170,231,776
171,231,764
172,231,781
173,231,761
174,231,787
175,231,777
176,231,767
177,231,784
178,231,758
179,231,775
180,231,771
181,231,771
182,231,776
183,231,765
184,231,778
185,231,766
186,231,778
187,231,787
188,231,768
189,231,773
190,231,768
191,231,767
192,231,782
193,231,761
194,231,781
195,231,758
196,231,770
197,231,785
198,231,764
199,231,777
200,231,762
201,231,771
202,231,774
203,231,772
204,231,762
205,231,767
206,231,775
207,231,763
208,231,770
209,231,769
210,231,777
211,231,775
212,231,772
213,231,775
214,231,764
215,231,767
216,231,764
217,231,772
218,231,769
219,231,769
220,231,772
221,231,771
222,231,787
223,231,776
224,231,783
225,231,775
226,231,780
227,231,777
228,231,779
229,231,775
230,231,769
231,231,790
232,231,768
233,231,774
234,231,767
235,231,771
236,231,777
237,231,761
238,231,787
239,231,764
240,231,770
241,231,780
242,231,763
243,231,780
244,231,776
245,231,772
246,231,776
247,231,776
248,231,766
249,231,772
250,231,760
251,231,779
252,231,776
253,231,774
254,231,778
255,231,767
256,231,777
257,231,770
258,231,760
259,231,783
260,231,771
261,231,770
262,231,762
263,231,780
264,231,763
265,231,767
266,231,782
267,231,772
268,231,781
269,231,771
270,231,784
271,231,786
272,231,769
273,231,777
274,231,758
275,231,771
276,231,770
277,231,773
278,231,773
279,231,777
280,231,770
281,231,767
282,231,773
283,231,775
284,231,774
285,231,772
286,231,778
287,231,780
288,231,779
289,231,774
290,231,779
291,231,770
292,231,769
293,231,784
294,231,766
295,231,781
296,231,772
297,231,790
298,231,791
299,231,778
300,231,793
301,231,793
302,231,779
303,231,781
304,231,775
305,231,790
306,231,784
307,231,785
308,231,785
309,231,790
310,231,775
311,231,770
312,231,781
313,231,778
314,231,770
315,231,775
316,231,779
317,231,777
318,231,769
319,231,771
320,231,782
321,231,758
322,231,779
323,231,764
324,231,767
325,231,778
326,231,767
327,231,781
328,231,761
329,231,788
330,231,766
331,231,779
332,231,770
333,231,769
334,231,779
335,231,761
336,231,784
337,231,765
338,231,772
339,231,767
340,231,774
341,231,769
342,231,774
343,231,773
344,231,768
345,231,768
346,231,760
347,231,768
348,231,761
349,231,769
350,231,772
351,231,778
352,231,766
353,231,773
354,231,761
355,231,769
356,231,766
357,231,773
358,231,773
359,231,770
360,231,780
361,231,762
362,231,774
363,231,755
364,231,779
365,231,768
366,231,765
367,231,775
368,231,759
369,231,791
370,231,757
371,231,784
372,231,761
373,231,768
374,231,762
375,231,782
376,231,755
377,231,767
378,231,778
379,231,762
380,231,766
381,231,773
382,231,754
383,231,772
384,231,768
385,231,775
69,232,775
70,232,761
71,232,774
72,232,760
73,232,771
74,232,763
75,232,774
76,232,768
77,232,777
78,232,778
79,232,771
80,232,765
81,232,774
82,232,766
83,232,770
84,232,765
85,232,766
86,232,760
87,232,777
88,232,758
89,232,785
90,232,787
91,232,791
92,232,769
93,232,778
94,232,767
95,232,762
96,232,778
97,232,762
98,232,774
99,232,762
100,232,773
101,232,768
102,232,780
103,232,765
104,232,775
105,232,760
106,232,763
107,232,757
108,232,779
109,232,769
110,232,767
111,232,771
112,232,765
113,232,763
114,232,764
115,232,759
116,232,764
117,232,764
118,232,773
119,232,760
120,232,762
121,232,765
122,232,759
123,232,780
124,232,778
125,232,778
126,232,760
127,232,777
128,232,756
129,232,791
130,232,760
131,232,775
132,232,765
133,232,764
134,232,774
135,232,768
136,232,772
137,232,763
138,232,773
139,232,767
140,232,771
141,232,756
142,232,768
143,232,767
144,232,771
145,232,770
146,232,777
147,232,761
148,232,770
149,232,771
150,232,769
151,232,774
152,232,755
153,232,775
154,232,757
155,232,782
156,232,757
157,232,769
158,232,769
159,232,769
160,232,775
161,232,753
162,232,777
163,232,758
164,232,770
165,232,759
166,232,766
167,232,772
168,232,763
169,232,783
170,232,762
171,232,779
172,232,772
173,232,771
174,232,757
175,232,759
176,232,770
177,232,764
178,232,768
179,232,771
180,232,775
181,232,772
182,232,778
183,232,765
184,232,763
185,232,755
186,232,765
187,232,769
188,232,769
189,232,768
190,232,756
191,232,782
192,232,762
193,232,773
194,232,782
195,232,763
196,232,782
197,232,768
198,232,773
199,232,760
200,232,766
201,232,769
202,232,767
203,232,779
204,232,761
205,232,770
206,232,770
207,232,775
208,232,778
209,232,769
210,232,777
211,232,776
212,232,766
213,232,781
214,232,780
215,232,782
216,232,783
217,232,780
218,232,783
219,232,770
220,232,770
221,232,772
222,232,774
223,232,788
224,232,774
225,232,780
226,232,772
227,232,775
228,232,781
229,232,759
230,232,772
231,232,758
232,232,766
233,232,769
234,232,757
235,232,786
236,232,772
237,232,769
238,232,772
239,232,765
240,232,774
241,232,756
242,232,778
243,232,775
244,232,763
245,232,775
246,232,761
247,232,766
248,232,779
249,232,757
250,232,774
251,232,764
252,232,785
253,232,783
254,232,772
255,232,787
256,232,782
257,232,781
258,232,771
259,232,769
260,232,783
261,232,783
262,232,771
263,232,783
264,232,777
265,232,781
266,232,784
267,232,776
268,232,788
269,232,783
270,232,765
271,232,779
272,232,771
273,232,769
274,232,769
275,232,775
276,232,777
277,232,762
278,232,773
279,232,765
280,232,781
281,232,763
282,232,778
283,232,773
284,232,773
285,232,787
286,232,775
287,232,794
288,232,766
289,232,783
290,232,789
291,232,766
292,232,803
293,232,772
294,232,793
295,232,781
296,232,785
297,232,783
298,232,774
299,232,795
300,232,781
301,232,786
302,232,794
303,232,782
304,232,787
305,232,784
306,232,759
307,232,786
308,232,782
309,232,775
310,232,788
311,232,758
312,232,801
313,232,756
314,232,776
315,232,773
316,232,764
317,232,779
318,232,751
319,232,780
320,232,764
321,232,765
322,232,761
323,232,776
324,232,779
325,232,775
326,232,776
327,232,777
328,232,783
329,232,751
330,232,763
331,232,770
332,232,759
333,232,774
334,232,764
335,232,783
336,232,762
337,232,765
338,232,771
339,232,763
340,232,766
341,232,762
342,232,774
343,232,775
344,232,761
345,232,765
346,232,779
347,232,755
348,232,771
349,232,758
350,232,772
351,232,747
352,232,767
353,232,764
354,232,766
355,232,776
356,232,754
357,232,777
358,232,761
359,232,773
360,232,766
361,232,767
362,232,761
363,232,768
364,232,773
365,232,769
366,232,765
367,232,769
368,232,759
369,232,760
370,232,762
371,232,771
372,232,758
373,232,771
374,232,763
375,232,752
376,232,767
377,232,756
378,232,772
379,232,756
380,232,766
381,232,760
382,232,765
383,232,771
384,232,769
385,232,761
69,233,759
70,233,762
71,233,766
72,233,771
73,233,766
74,233,769
75,233,764
76,233,762
77,233,776
78,233,771
79,233,779
80,233,768
81,233,779
82,233,760
83,233,780
84,233,764
85,233,774
86,233,768
87,233,766
88,233,772
89,233,777
90,233,771
91,233,777
92,233,774
93,233,774
94,233,759
95,233,762
96,233,754
97,233,773
98,233,768
99,233,769
100,233,761
101,233,772
102,233,767
103,233,784
104,233,772
105,233,770
106,233,767
107,233,760
108,233,771
109,233,778
110,233,769
111,233,775
112,233,757
113,233,776
114,233,754
115,233,780
116,233,769
117,233,767
118,233,765
119,233,759
120,233,775
121,233,764
122,233,782
123,233,767
124,233,768
125,233,770
126,233,767
127,233,768
128,233,773
129,233,772
130,233,769
131,233,766
132,233,776
133,233,768
134,233,774
135,233,756
136,233,775
137,233,772
138,233,761
139,233,763
140,233,768
141,233,769
142,233,772
143,233,775
144,233,752
145,233,768
146,233,761
147,233,771
148,233,760
149,233,758
150,233,768
151,233,764
152,233,779
153,233,767
154,233,773
155,233,764
156,233,768
157,233,767
158,233,771
159,233,769
160,233,756
161,233,770
162,233,763
163,233,763
164,233,775
165,233,762
166,233,777
167,233,776
168,233,764
169,233,784
170,233,752
171,233,782
172,233,779
173,233,766
174,233,773
175,233,759
176,233,775
177,233,754
178,233,768
179,233,762
180,233,769
181,233,766
182,233,763
183,233,774
184,233,768
185,233,771
186,233,765
187,233,770
188,233,772
189,233,774
190,233,767
191,233,770
192,233,766
193,233,768
194,233,770
195,233,765
196,233,773
197,233,768
198,233,765
199,233,767
200,233,763
201,233,775
202,233,758
203,233,770
204,233,750
205,233,769
206,233,770
207,233,763
208,233,768
209,233,764
210,233,782
211,233,763
212,233,778
213,233,777
214,233,764
215,233,774
216,233,763
217,233,775
218,233,760
219,233,772
220,233,769
221,233,765
222,233,777
223,233,776
224,233,767
225,233,779
226,233,770
227,233,769
228,233,777
229,233,765
230,233,777
231,233,783
232,233,769
233,233,764
234,233,750
235,233,779
236,233,773
237,233,764
238,233,768
239,233,765
240,233,781
241,233,765
242,233,771
243,233,778
244,233,773
245,233,771
246,233,745
247,233,768
248,233,773
249,233,776
250,233,782
251,233,770
252,233,787
253,233,765
254,233,776
255,233,780
256,233,776
257,233,783
258,233,769
259,233,779
260,233,774
261,233,773
262,233,777
263,233,764
264,233,769
265,233,772
266,233,773
267,233,776
268,233,766
269,233,773
270,233,773
271,233,769
272,233,766
273,233,768
274,233,764
275,233,772
276,233,766
277,233,773
278,233,779
279,233,764
280,233,768
281,233,773
282,233,772
283,233,761
284,233,782
285,233,762
286,233,767
287,233,777
288,233,757
289,233,783
290,233,765
291,233,774
292,233,780
293,233,773
294,233,784
295,233,777
296,233,770
297,233,776
298,233,780
299,233,788
300,233,769
301,233,790
302,233,778
303,233,781
304,233,795
305,233,779
306,233,797
307,233,787
308,233,769
309,233,770
310,233,772
311,233,775
312,233,776
313,233,774
314,233,775
315,233,772
316,233,772
317,233,778
318,233,760
319,233,787
320,233,758
321,233,777
322,233,761
323,233,772
324,233,777
325,233,762
326,233,778
327,233,757
328,233,772
329,233,770
330,233,770
331,233,777
332,233,767
333,233,780
334,233,754
335,233,769
336,233,760
337,233,762
338,233,764
339,233,754
340,233,782
341,233,757
342,233,780
343,233,752
344,233,772
345,233,760
346,233,763
347,233,762
348,233,764
349,233,770
350,233,761
351,233,778
352,233,771
353,233,770
354,233,756
355,233,766
356,233,762
357,233,784
358,233,763
359,233,771
360,233,755
361,233,764
362,233,764
363,233,755
364,233,777
365,233,754
366,233,783
367,233,747
368,233,784
369,233,763
370,233,765
371,233,776
372,233,757
373,233,773
374,233,751
375,233,782
376,233,769
377,233,766
378,233,766
379,233,761
380,233,757
381,233,773
382,233,765
383,233,760
384,233,758
385,233,765
68,234,759
69,234,764
70,234,760
71,234,760
72,234,759
73,234,754
74,234,761
75,234,759
76,234,766
77,234,766
78,234,765
79,234,762
80,234,768
81,234,761
82,234,770
83,234,770
84,234,774
85,234,753
86,234,771
87,234,773
88,234,771
89,234,771
90,234,771
91,234,773
92,234,774
93,234,776
94,234,756
95,234,773
96,234,753
97,234,780
98,234,757
99,234,779
100,234,775
101,234,773
102,234,761
103,234,775
104,234,767
105,234,772
106,234,766
107,234,768
108,234,769
109,234,757
110,234,759
111,234,764
112,234,766
113,234,769
114,234,772
115,234,769
116,234,759
117,234,765
118,234,759
119,234,756
120,234,768
121,234,752
122,234,765
123,234,741
124,234,776
125,234,744
126,234,766
127,234,765
128,234,766
129,234,767
130,234,767
131,234,772
132,234,759
133,234,778
134,234,756
135,234,777
136,234,758
137,234,770
138,234,755
139,234,759
140,234,762
141,234,758
142,234,771
143,234,759
144,234,776
145,234,746
146,234,769
147,234,773
148,234,773
149,234,766
150,234,767
151,234,763
152,234,767
153,234,766
154,234,773
155,234,773
156,234,773
157,234,779
158,234,763
159,234,776
160,234,758
161,234,785
162,234,767
163,234,770
164,234,770
165,234,762
166,234,785
167,234,751
168,234,776
169,234,755
170,234,767
171,234,774
172,234,760
173,234,781
174,234,756
175,234,772
176,234,773
177,234,764
178,234,775
179,234,761
180,234,769
181,234,762
182,234,769
183,234,765
184,234,762
185,234,765
186,234,771
187,234,760
188,234,781
189,234,768
190,234,777
191,234,778
192,234,763
193,234,784
194,234,764
195,234,782
196,234,769
197,234,767
198,234,764
199,234,758
200,234,773
201,234,761
202,234,775
203,234,765
204,234,764
205,234,759
206,234,771
207,234,771
208,234,761
209,234,773
210,234,765
211,234,781
212,234,779
213,234,761
214,234,782
215,234,767
216,234,765
217,234,776
218,234,767
219,234,771
220,234,767
221,234,773
222,234,785
223,234,757
224,234,773
225,234,765
226,234,769
227,234,779
228,234,760
229,234,774
230,234,761
231,234,765
232,234,774
233,234,761
234,234,770
235,234,770
236,234,765
237,234,775
238,234,772
239,234,781
240,234,767
241,234,767
242,234,777
243,234,768
244,234,770
245,234,775
246,234,744
247,234,773
248,234,765
249,234,769
250,234,771
251,234,765
252,234,777
253,234,760
254,234,779
255,234,793
256,234,791
257,234,798
258,234,777
259,234,791
260,234,771
261,234,772
262,234,762
263,234,774
264,234,776
265,234,776
266,234,778
267,234,766
268,234,778
269,234,766
270,234,767
271,234,767
272,234,770
273,234,769
274,234,769
275,234,772
276,234,776
277,234,781
278,234,766
279,234,777
280,234,769
281,234,777
282,234,783
283,234,773
284,234,790
285,234,763
286,234,774
287,234,783
288,234,782
289,234,778
290,234,765
291,234,779
292,234,769
293,234,774
294,234,783
295,234,772
296,234,784
297,234,771
298,234,779
299,234,778
300,234,778
301,234,781
302,234,784
303,234,787
304,234,779
305,234,799
306,234,784
307,234,775
308,234,796
309,234,775
310,234,771
311,234,788
312,234,786
313,234,773
314,234,768
315,234,773
316,234,767
317,234,772
318,234,776
319,234,772
320,234,764
321,234,767
322,234,769
323,234,787
324,234,770
325,234,776
326,234,772
327,234,770
328,234,775
329,234,762
330,234,776
331,234,760
332,234,781
333,234,769
334,234,764
335,234,773
336,234,762
337,234,764
338,234,770
339,234,759
340,234,777
341,234,766
342,234,777
343,234,764
344,234,773
345,234,765
346,234,764
347,234,778
348,234,750
349,234,764
350,234,760
351,234,766
352,234,758
353,234,756
354,234,765
355,234,753
356,234,778
357,234,758
358,234,772
359,234,758
360,234,774
361,234,761
362,234,777
363,234,764
364,234,767
365,234,762
366,234,773
367,234,775
368,234,782
369,234,769
370,234,768
371,234,769
372,234,761
373,234,768
374,234,754
375,234,770
376,234,765
377,234,775
378,234,764
379,234,774
380,234,754
381,234,770
382,234,772
383,234,766
384,234,771
385,234,745
68,235,757
69,235,767
70,235,766
71,235,768
72,235,775
73,235,770
74,235,757
75,235,763
76,235,770
77,235,774
78,235,760
79,235,766
80,235,767
81,235,775
82,235,754
83,235,758
84,235,771
85,235,757
86,235,763
87,235,766
88,235,774
89,235,775
90,235,784
91,235,764
92,235,774
93,235,762
94,235,774
95,235,760
96,235,763
97,235,772
98,235,756
99,235,785
100,235,758
101,235,786
102,235,753
103,235,781
104,235,761
105,235,776
106,235,763
107,235,766
108,235,757
109,235,767
110,235,768
111,235,762
112,235,764
113,235,762
114,235,771
115,235,765
116,235,770
117,235,771
118,235,770
119,235,762
120,235,773
121,235,765
122,235,774
123,235,759
124,235,761
125,235,773
126,235,767
127,235,768
128,235,777
129,235,773
130,235,764
131,235,761
132,235,765
133,235,765
134,235,770
135,235,761
136,235,764
137,235,771
138,235,743
139,235,764
140,235,753
141,235,764
142,235,767
143,235,753
144,235,772
145,235,761
146,235,769
147,235,762
148,235,765
149,235,766
150,235,758
151,235,765
152,235,766
153,235,777
154,235,768
155,235,769
156,235,774
157,235,773
158,235,764
159,235,766
160,235,761
161,235,761
162,235,761
163,235,761
164,235,773
165,235,754
166,235,769
167,235,760
168,235,770
169,235,761
170,235,767
171,235,769
172,235,767
173,235,782
174,235,752
175,235,775
176,235,766
177,235,775
178,235,769
179,235,762
180,235,772
181,235,752
182,235,785
183,235,752
184,235,771
185,235,759
186,235,769
187,235,770
188,235,766
189,235,765
190,235,757
191,235,761
192,235,759
193,235,766
194,235,768
195,235,767
196,235,761
197,235,760
198,235,770
199,235,766
200,235,766
201,235,760
202,235,773
203,235,767
204,235,768
205,235,770
206,235,757
207,235,778
208,235,757
209,235,776
210,235,769
211,235,768
212,235,778
213,235,767
214,235,779
215,235,755
216,235,781
217,235,775
218,235,765
219,235,783
220,235,757
221,235,786
222,235,757
223,235,770
224,235,771
225,235,760
226,235,773
227,235,762
228,235,771
229,235,779
230,235,764
231,235,771
232,235,755
233,235,772
234,235,762
235,235,754
236,235,755
237,235,765
238,235,761
239,235,769
240,235,766
241,235,759
242,235,768
243,235,763
244,235,773
245,235,766
246,235,775
247,235,784
248,235,766
249,235,794
250,235,762
251,235,776
252,235,777
253,235,766
254,235,780
255,235,781
256,235,806
257,235,814
258,235,800
259,235,791
260,235,767
261,235,784
262,235,766
263,235,781
264,235,767
265,235,774
266,235,776
267,235,767
268,235,762
269,235,759
270,235,774
271,235,770
272,235,769
273,235,753
274,235,767
275,235,767
276,235,774
277,235,767
278,235,774
279,235,761
280,235,782
281,235,783
282,235,774
283,235,790
284,235,761
285,235,773
286,235,788
287,235,772
288,235,781
289,235,769
290,235,783
291,235,793
292,235,786
293,235,783
294,235,769
295,235,782
296,235,802
297,235,770
298,235,797
299,235,792
300,235,789
301,235,802
302,235,785
303,235,796
304,235,800
305,235,799
306,235,780
307,235,783
308,235,791
309,235,795
310,235,791
311,235,787
312,235,791
313,235,788
314,235,779
315,235,767
316,235,780
317,235,770
318,235,769
319,235,775
320,235,764
321,235,784
322,235,770
323,235,784
324,235,779
325,235,762
326,235,778
327,235,772
328,235,770
329,235,775
330,235,777
331,235,766
332,235,773
333,235,759
334,235,767
335,235,755
336,235,762
337,235,782
338,235,764
339,235,780
340,235,749
341,235,768
342,235,773
343,235,768
344,235,775
345,235,756
346,235,782
347,235,759
348,235,762
349,235,778
350,235,760
351,235,772
352,235,771
353,235,771
354,235,782
355,235,774
356,235,776
357,235,768
358,235,771
359,235,779
360,235,758
361,235,772
362,235,760
363,235,765
364,235,761
365,235,769
366,235,771
367,235,762
368,235,764
369,235,764
370,235,766
371,235,760
372,235,758
373,235,751
374,235,772
375,235,750
376,235,759
377,235,763
378,235,763
379,235,752
380,235,772
381,235,762
382,235,762
383,235,779
384,235,755
385,235,772
386,235,758
67,236,765
68,236,765
69,236,762
70,236,766
71,236,769
72,236,768
73,236,769
74,236,768
75,236,763
76,236,765
77,236,764
78,236,763
79,236,771
80,236,775
81,236,766
82,236,766
83,236,760
84,236,764
85,236,767
86,236,772
87,236,764
88,236,769
89,236,771
90,236,758
91,236,762
92,236,782
93,236,757
94,236,770
95,236,765
96,236,780
97,236,750
98,236,776
99,236,755
100,236,769
101,236,776
102,236,756
103,236,772
104,236,760
105,236,781
106,236,762
107,236,776
108,236,760
109,236,768
110,236,764
111,236,771
112,236,774
113,236,758
114,236,769
115,236,759
116,236,762
117,236,767
118,236,756
119,236,769
120,236,765
121,236,768
122,236,762
123,236,777
124,236,762
125,236,763
126,236,775
127,236,759
128,236,769
129,236,760
130,236,761
131,236,761
132,236,753
133,236,763
134,236,774
135,236,761
136,236,768
137,236,772
138,236,772
139,236,777
140,236,765
141,236,777
142,236,768
143,236,769
144,236,764
145,236,757
146,236,764
147,236,756
148,236,773
149,236,758
150,236,772
151,236,764
152,236,771
153,236,768
154,236,756
155,236,770
156,236,771
157,236,767
158,236,764
159,236,755
160,236,775
161,236,758
162,236,766
163,236,774
164,236,757
165,236,764
166,236,762
167,236,767
168,236,771
169,236,766
170,236,769
171,236,763
172,236,757
173,236,762
174,236,761
175,236,768
176,236,762
177,236,764
178,236,760
179,236,762
180,236,765
181,236,767
182,236,765
183,236,770
184,236,766
185,236,758
186,236,763
187,236,763
188,236,762
189,236,765
190,236,749
191,236,766
192,236,749
193,236,776
194,236,755
195,236,757
196,236,765
197,236,760
198,236,781
199,236,762
200,236,763
201,236,784
202,236,752
203,236,773
204,236,773
205,236,767
206,236,781
207,236,760
208,236,769
209,236,760
210,236,764
211,236,766
212,236,766
213,236,773
214,236,775
215,236,768
216,236,771
217,236,767
218,236,765
219,236,776
220,236,761
221,236,770
222,236,767
223,236,767
224,236,776
225,236,769
226,236,778
227,236,760
228,236,775
229,236,773
230,236,760
231,236,778
232,236,764
233,236,767
234,236,766
235,236,779
236,236,763
237,236,769
238,236,772
239,236,767
240,236,773
241,236,758
242,236,776
243,236,763
244,236,774
245,236,777
246,236,764
247,236,774
248,236,766
249,236,774
250,236,778
251,236,772
252,236,775
253,236,773
254,236,778
255,236,770
256,236,772
257,236,780
258,236,792
259,236,773
260,236,766
261,236,778
262,236,754
263,236,781
264,236,764
265,236,759
266,236,765
267,236,766
268,236,786
269,236,760
270,236,783
271,236,779
272,236,778
273,236,781
274,236,764
275,236,779
276,236,775
277,236,772
278,236,772
279,236,768
280,236,770
281,236,773
282,236,767
283,236,766
284,236,769
285,236,781
286,236,757
287,236,769
288,236,767
289,236,769
290,236,764
291,236,773
292,236,775
293,236,766
294,236,771
295,236,775
296,236,775
297,236,789
298,236,792
299,236,795
300,236,804
301,236,779
302,236,803
303,236,790
304,236,784
305,236,813
306,236,798
307,236,812
308,236,791
309,236,785
310,236,792
311,236,777
312,236,799
313,236,771
314,236,783
315,236,778
316,236,787
317,236,787
318,236,767
319,236,790
320,236,783
321,236,780
322,236,773
323,236,778
324,236,769
325,236,770
326,236,768
327,236,763
328,236,770
329,236,770
330,236,774
331,236,764
332,236,760
333,236,762
334,236,766
335,236,774
336,236,758
337,236,764
338,236,763
339,236,765
340,236,754
341,236,769
342,236,763
343,236,766
344,236,766
345,236,763
346,236,768
347,236,757
348,236,770
349,236,752
350,236,771
351,236,757
352,236,763
353,236,770
354,236,753
355,236,775
356,236,750
357,236,772
358,236,758
359,236,761
360,236,755
361,236,770
362,236,768
363,236,764
364,236,764
365,236,765
366,236,767
367,236,771
368,236,771
369,236,757
370,236,776
371,236,758
372,236,782
373,236,757
374,236,769
375,236,755
376,236,771
377,236,765
378,236,760
379,236,770
380,236,767
381,236,765
382,236,758
383,236,768
384,236,756
385,236,776
386,236,743
67,237,771
68,237,776
69,237,761
70,237,763
71,237,763
72,237,770
73,237,756
74,237,765
75,237,752
76,237,769
77,237,758
78,237,777
79,237,762
80,237,775
81,237,764
82,237,766
83,237,771
84,237,772
85,237,760
86,237,769
87,237,760
88,237,766
89,237,756
90,237,765
91,237,761
92,237,776
93,237,762
94,237,779
95,237,754
96,237,779
97,237,762
98,237,766
99,237,763
100,237,778
101,237,778
102,237,770
103,237,772
104,237,761
105,237,766
106,237,771
107,237,766
108,237,765
109,237,776
110,237,767
111,237,777
112,237,753
113,237,778
114,237,753
115,237,774
116,237,765
117,237,765
118,237,758
119,237,767
120,237,758
121,237,760
122,237,763
123,237,768
124,237,777
125,237,771
126,237,779
127,237,768
128,237,768
129,237,767
130,237,773
131,237,768
132,237,776
133,237,759
134,237,773
135,237,761
136,237,772
137,237,768
138,237,758
139,237,768
140,237,759
141,237,775
142,237,755
143,237,774
144,237,763
145,237,763
146,237,771
147,237,768
148,237,763
149,237,765
150,237,777
151,237,758
152,237,771
153,237,759
154,237,771
155,237,761
156,237,768
157,237,767
158,237,762
159,237,764
160,237,757
161,237,779
162,237,755
163,237,775
164,237,768
165,237,774
166,237,768
167,237,769
168,237,765
169,237,778
170,237,765
171,237,769
172,237,774
173,237,765
174,237,774
175,237,775
176,237,761
177,237,777
178,237,769
179,237,780
180,237,766
181,237,773
182,237,771
183,237,765
184,237,774
185,237,763
186,237,769
187,237,771
188,237,774
189,237,769
190,237,765
191,237,765
192,237,764
193,237,776
194,237,749
195,237,765
196,237,764
197,237,769
198,237,774
199,237,763
200,237,779
201,237,762
202,237,769
203,237,763
204,237,770
205,237,765
206,237,757
207,237,764
208,237,766
209,237,766
210,237,775
211,237,781
212,237,764
213,237,768
214,237,771
215,237,771
216,237,776
217,237,770
218,237,788
219,237,760
220,237,769
221,237,764
222,237,759
223,237,781
224,237,771
225,237,781
226,237,777
227,237,773
228,237,781
229,237,768
230,237,777
231,237,774
232,237,772
233,237,774
234,237,771
235,237,782
236,237,776
237,237,784
238,237,775
239,237,778
240,237,772
241,237,773
242,237,780
243,237,781
244,237,771
245,237,774
246,237,772
247,237,779
248,237,778
249,237,775
250,237,765
251,237,783
252,237,769
253,237,779
254,237,777
255,237,772
256,237,767
257,237,766
258,237,776
259,237,767
260,237,778
261,237,769
262,237,781
263,237,774
264,237,754
265,237,779
266,237,760
267,237,775
268,237,761
269,237,764
270,237,777
271,237,769
272,237,792
273,237,775
274,237,768
275,237,768
276,237,767
277,237,774
278,237,771
279,237,772
280,237,785
281,237,784
282,237,778
283,237,788
284,237,768
285,237,783
286,237,763
287,237,777
288,237,776
289,237,783
290,237,781
291,237,782
292,237,787
293,237,793
294,237,773
295,237,778
296,237,777
297,237,786
298,237,793
299,237,786
300,237,800
301,237,806
302,237,791
303,237,803
304,237,809
305,237,807
306,237,804
307,237,821
308,237,821
309,237,801
310,237,806
311,237,807
312,237,804
313,237,812
314,237,799
315,237,776
316,237,786
317,237,785
318,237,780
319,237,776
320,237,781
321,237,783
322,237,772
323,237,770
324,237,785
325,237,759
326,237,780
327,237,768
328,237,769
329,237,769
330,237,772
331,237,778
332,237,766
333,237,774
334,237,766
335,237,773
336,237,774
337,237,760
338,237,763
339,237,771
340,237,762
341,237,771
342,237,765
343,237,773
344,237,767
345,237,761
346,237,777
347,237,762
348,237,771
349,237,763
350,237,762
351,237,767
352,237,750
353,237,756
354,237,753
355,237,772
356,237,765
357,237,760
358,237,758
359,237,768
360,237,763
361,237,768
362,237,760
363,237,768
364,237,768
365,237,755
366,237,772
367,237,760
368,237,776
369,237,764
370,237,777
371,237,770
372,237,772
373,237,781
374,237,760
375,237,765
376,237,760
377,237,769
378,237,763
379,237,764
380,237,770
381,237,765
382,237,757
383,237,778
384,237,764
385,237,765
386,237,761
66,238,757
67,238,763
68,238,768
69,238,766
70,238,770
71,238,774
72,238,774
73,238,769
74,238,764
75,238,762
76,238,770
77,238,759
78,238,771
79,238,753
80,238,767
81,238,764
82,238,763
83,238,760
84,238,767
85,238,762
86,238,765
87,238,763
88,238,765
89,238,769
90,238,760
91,238,774
92,238,767
93,238,772
94,238,760
95,238,768
96,238,764
97,238,761
98,238,777
99,238,769
100,238,768
101,238,774
102,238,773
103,238,770
104,238,767
105,238,759
106,238,761
107,238,764
108,238,767
109,238,777
110,238,757
111,238,767
112,238,760
113,238,760
114,238,761
115,238,769
116,238,761
117,238,764
118,238,756
119,238,768
120,238,772
121,238,768
122,238,766
123,238,759
124,238,775
125,238,751
126,238,763
127,238,755
128,238,781
129,238,761
130,238,766
131,238,767
132,238,773
133,238,770
134,238,764
135,238,770
136,238,761
137,238,772
138,238,767
139,238,755
140,238,768
141,238,773
142,238,755
143,238,769
144,238,761
145,238,780
146,238,765
147,238,750
148,238,772
149,238,753
150,238,773
151,238,762
152,238,772
153,238,766
154,238,763
155,238,772
156,238,753
157,238,768
158,238,763
159,238,769
160,238,757
161,238,782
162,238,760
163,238,773
164,238,762
165,238,763
166,238,770
167,238,758
168,238,775
169,238,751
170,238,773
171,238,759
172,238,766
173,238,772
174,238,769
175,238,768
176,238,762
177,238,774
178,238,758
179,238,759
180,238,765
181,238,761
182,238,757
183,238,772
184,238,762
185,238,761
186,238,768
187,238,754
188,238,776
189,238,762
190,238,770
191,238,769
192,238,759
193,238,776
194,238,752
195,238,770
196,238,764
197,238,763
198,238,760
199,238,763
200,238,774
201,238,758
202,238,767
203,238,753
204,238,766
205,238,762
206,238,768
207,238,767
208,238,757
209,238,777
210,238,757
211,238,777
212,238,771
213,238,775
214,238,783
215,238,757
216,238,781
217,238,775
218,238,787
219,238,775
220,238,773
221,238,786
222,238,768
223,238,771
224,238,767
225,238,764
226,238,761
227,238,775
228,238,772
229,238,757
230,238,777
231,238,765
232,238,777
233,238,767
234,238,771
235,238,777
236,238,776
237,238,782
238,238,773
239,238,768
240,238,771
241,238,770
242,238,773
243,238,756
244,238,771
245,238,772
246,238,765
247,238,762
248,238,767
249,238,784
250,238,775
251,238,758
252,238,755
253,238,773
254,238,768
255,238,765
256,238,778
257,238,766
258,238,778
259,238,768
260,238,776
261,238,778
262,238,783
263,238,785
264,238,768
265,238,777
266,238,772
267,238,774
268,238,766
269,238,780
270,238,781
271,238,763
272,238,797
273,238,777
274,238,773
275,238,763
276,238,769
277,238,774
278,238,763
279,238,785
280,238,766
281,238,779
282,238,771
283,238,779
284,238,783
285,238,754
286,238,790
287,238,772
288,238,775
289,238,778
290,238,775
291,238,786
292,238,778
293,238,791
294,238,785
295,238,789
296,238,772
297,238,769
298,238,794
299,238,788
300,238,782
301,238,790
302,238,805
303,238,782
304,238,801
305,238,798
306,238,831
307,238,835
308,238,815
309,238,822
310,238,838
311,238,851
312,238,836
313,238,824
314,238,811
315,238,808
316,238,801
317,238,797
318,238,798
319,238,796
320,238,795
321,238,794
322,238,781
323,238,783
324,238,763
325,238,791
326,238,762
327,238,768
328,238,759
329,238,762
330,238,773
331,238,758
332,238,763
333,238,754
334,238,762
335,238,761
336,238,760
337,238,773
338,238,769
339,238,776
340,238,772
341,238,771
342,238,758
343,238,775
344,238,763
345,238,769
346,238,781
347,238,765
348,238,768
349,238,768
350,238,779
351,238,767
352,238,772
353,238,760
354,238,772
355,238,757
356,238,770
357,238,768
358,238,773
359,238,760
360,238,764
361,238,765
362,238,762
363,238,760
364,238,763
365,238,780
366,238,752
367,238,770
368,238,766
369,238,764
370,238,780
371,238,767
372,238,774
373,238,751
374,238,778
375,238,761
376,238,764
377,238,768
378,238,768
379,238,768
380,238,774
381,238,770
382,238,773
383,238,763
384,238,762
385,238,763
386,238,771
66,239,770
67,239,757
68,239,771
69,239,759
70,239,779
71,239,770
72,239,777
73,239,758
74,239,771
75,239,763
76,239,775
77,239,765
78,239,765
79,239,765
80,239,756
81,239,768
82,239,765
83,239,760
84,239,768
85,239,763
86,239,765
87,239,768
88,239,773
89,239,765
90,239,774
91,239,760
92,239,763
93,239,757
94,239,770
95,239,758
96,239,766
97,239,766
98,239,774
99,239,767
100,239,763
101,239,765
102,239,767
103,239,757
104,239,774
105,239,768
106,239,766
107,239,754
108,239,766
109,239,764
110,239,770
111,239,764
112,239,768
113,239,765
114,239,771
115,239,754
116,239,760
117,239,768
118,239,753
119,239,767
120,239,751
121,239,775
122,239,757
123,239,776
124,239,757
125,239,764
126,239,745
127,239,768
128,239,753
129,239,773
130,239,762
131,239,762
132,239,759
133,239,754
134,239,767
135,239,762
136,239,773
137,239,760
138,239,764
139,239,759
140,239,764
141,239,761
142,239,766
143,239,764
144,239,776
145,239,768
146,239,763
147,239,768
148,239,763
149,239,772
150,239,773
151,239,771
152,239,763
153,239,754
154,239,763
155,239,767
156,239,762
157,239,766
158,239,770
159,239,765
160,239,762
161,239,760
162,239,766
163,239,762
164,239,773
165,239,764
166,239,763
167,239,775
168,239,759
169,239,770
170,239,771
171,239,775
172,239,778
173,239,772
174,239,764
175,239,768
176,239,768
177,239,761
178,239,769
179,239,774
180,239,767
181,239,757
182,239,775
183,239,769
184,239,774
185,239,761
186,239,772
187,239,763
188,239,765
189,239,766
190,239,760
191,239,760
192,239,773
193,239,772
194,239,767
195,239,775
196,239,755
197,239,761
198,239,756
199,239,766
200,239,776
201,239,764
202,239,778
203,239,759
204,239,761
205,239,778
206,239,764
207,239,766
208,239,768
209,239,768
210,239,771
211,239,759
212,239,756
213,239,767
214,239,766
215,239,762
216,239,769
217,239,768
218,239,774
219,239,771
220,239,773
221,239,771
222,239,757
223,239,776
224,239,750
225,239,778
226,239,773
227,239,764
228,239,767
229,239,760
230,239,771
231,239,764
232,239,763
233,239,771
234,239,778
235,239,762
236,239,776
237,239,771
238,239,775
239,239,769
240,239,762
241,239,772
242,239,765
243,239,761
244,239,771
245,239,748
246,239,781
247,239,769
248,239,755
249,239,766
250,239,759
251,239,773
252,239,755
253,239,781
254,239,765
255,239,769
256,239,772
257,239,766
258,239,759
259,239,769
260,239,775
261,239,763
262,239,781
263,239,779
264,239,767
265,239,766
266,239,767
267,239,778
268,239,781
269,239,769
270,239,770
271,239,755
272,239,770
273,239,761
274,239,774
275,239,765
276,239,757
277,239,770
278,239,757
279,239,768
280,239,772
281,239,768
282,239,771
283,239,766
284,239,773
285,239,775
286,239,784
287,239,772
288,239,785
289,239,761
290,239,777
291,239,788
292,239,786
293,239,788
294,239,769
295,239,787
296,239,783
297,239,768
298,239,803
299,239,775
300,239,812
301,239,804
302,239,790
303,239,822
304,239,798
305,239,815
306,239,809
307,239,821
308,239,809
309,239,850
310,239,879
311,239,886
312,239,908
313,239,858
314,239,846
315,239,819
316,239,813
317,239,813
318,239,833
319,239,803
320,239,809
321,239,810
322,239,787
323,239,787
324,239,785
325,239,769
326,239,776
327,239,762
328,239,778
329,239,766
330,239,767
331,239,769
332,239,776
333,239,752
334,239,776
335,239,749
336,239,772
337,239,757
338,239,763
339,239,767
340,239,744
341,239,777
342,239,765
343,239,784
344,239,773
345,239,767
346,239,772
347,239,756
348,239,778
349,239,758
350,239,771
351,239,763
352,239,778
353,239,763
354,239,776
355,239,757
356,239,753
357,239,761
358,239,761
359,239,766
360,239,754
361,239,763
362,239,751
363,239,771
364,239,753
365,239,769
366,239,752
367,239,768
368,239,758
369,239,761
370,239,768
371,239,763
372,239,764
373,239,753
374,239,768
375,239,749
376,239,782
377,239,744
378,239,775
379,239,758
380,239,777
381,239,749
382,239,757
383,239,763
384,239,766
385,239,764
386,239,742
65,240,769
66,240,771
67,240,762
68,240,771
69,240,760
70,240,772
71,240,760
72,240,769
73,240,762
74,240,765
75,240,765
76,240,763
77,240,768
78,240,767
79,240,767
80,240,777
81,240,758
82,240,779
83,240,757
84,240,772
85,240,761
86,240,772
87,240,763
88,240,754
89,240,762
90,240,761
91,240,782
92,240,776
93,240,780
94,240,773
95,240,769
96,240,771
97,240,759
98,240,776
99,240,760
100,240,782
101,240,762
102,240,778
103,240,758
104,240,772
105,240,774
106,240,785
107,240,768
108,240,776
109,240,777
110,240,758
111,240,766
112,240,773
113,240,771
114,240,770
115,240,775
116,240,764
117,240,769
118,240,767
119,240,776
120,240,758
121,240,775
122,240,757
123,240,771
124,240,755
125,240,782
126,240,766
127,240,774
128,240,772
129,240,774
130,240,770
131,240,766
132,240,773
133,240,775
134,240,773
135,240,763
136,240,781
137,240,759
138,240,774
139,240,755
140,240,773
141,240,772
142,240,766
143,240,784
144,240,760
145,240,783
146,240,754
147,240,775
148,240,766
149,240,772
150,240,771
151,240,760
152,240,772
153,240,769
154,240,783
155,240,768
156,240,774
157,240,763
158,240,768
159,240,757
160,240,774
161,240,768
162,240,766
163,240,773
164,240,766
165,240,772
166,240,755
167,240,778
168,240,754
169,240,773
170,240,777
171,240,766
172,240,774
173,240,758
174,240,781
175,240,747
176,240,782
177,240,767
178,240,780
179,240,764
180,240,763
181,240,785
182,240,754
183,240,780
184,240,752
185,240,769
186,240,781
187,240,770
188,240,781
189,240,772
190,240,786
191,240,760
192,240,772
193,240,765
194,240,771
195,240,775
196,240,778
197,240,773
198,240,763
199,240,786
200,240,768
201,240,788
202,240,762
203,240,781
204,240,782
205,240,764
206,240,776
207,240,769
208,240,774
209,240,764
210,240,770
211,240,772
212,240,760
213,240,775
214,240,762
215,240,782
216,240,776
217,240,791
218,240,764
219,240,771
220,240,772
221,240,764
222,240,782
223,240,783
224,240,783
225,240,777
226,240,764
227,240,776
228,240,772
229,240,765
230,240,767
231,240,760
232,240,781
233,240,767
234,240,781
235,240,785
236,240,773
237,240,780
238,240,780
239,240,775
240,240,774
241,240,780
242,240,772
243,240,768
244,240,771
245,240,775
246,240,781
247,240,791
248,240,780
249,240,775
250,240,785
251,240,771
252,240,766
253,240,771
254,240,758
255,240,774
256,240,769
257,240,770
258,240,776
259,240,766
260,240,767
261,240,763
262,240,772
263,240,774
264,240,785
265,240,801
266,240,778
267,240,791
268,240,780
269,240,798
270,240,776
271,240,762
272,240,781
273,240,775
274,240,779
275,240,757
276,240,777
277,240,764
278,240,771
279,240,772
280,240,763
281,240,794
282,240,782
283,240,771
284,240,779
285,240,779
286,240,786
287,240,773
288,240,779
289,240,811
290,240,812
291,240,782
292,240,817
293,240,810
294,240,811
295,240,805
296,240,782
297,240,818
298,240,778
299,240,808
300,240,801
301,240,795
302,240,823
303,240,797
304,240,825
305,240,829
306,240,832
307,240,840
308,240,872
309,240,878
310,240,878
311,240,938
312,240,941
313,240,894
314,240,871
315,240,866
316,240,848
317,240,850
318,240,885
319,240,851
320,240,834
321,240,825
322,240,828
323,240,804
324,240,798
325,240,796
326,240,787
327,240,771
328,240,770
329,240,770
330,240,763
331,240,770
332,240,769
333,240,782
334,240,767
335,240,780
336,240,783
337,240,774
338,240,774
339,240,765
340,240,787
341,240,775
342,240,774
343,240,783
344,240,777
345,240,814
346,240,778
347,240,777
348,240,759
349,240,771
350,240,763
351,240,762
352,240,772
353,240,766
354,240,766
355,240,776
356,240,765
357,240,772
358,240,755
359,240,775
360,240,776
361,240,766
362,240,764
363,240,762
364,240,767
365,240,769
366,240,772
367,240,767
368,240,762
369,240,770
370,240,775
371,240,780
372,240,768
373,240,773
374,240,770
375,240,769
376,240,772
377,240,767
378,240,770
379,240,769
380,240,765
381,240,772
382,240,769
383,240,768
384,240,769
385,240,767
386,240,778
387,240,781
65,241,764
66,241,776
67,241,747
68,241,778
69,241,757
70,241,774
71,241,760
72,241,777
73,241,755
74,241,777
75,241,753
76,241,775
77,241,761
78,241,769
79,241,759
80,241,759
81,241,759
82,241,765
83,241,774
84,241,771
85,241,768
86,241,766
87,241,763
88,241,767
89,241,767
90,241,760
91,241,775
92,241,763
93,241,770
94,241,762
95,241,760
96,241,768
97,241,770
98,241,764
99,241,773
100,241,759
101,241,775
102,241,773
103,241,766
104,241,773
105,241,757
106,241,772
107,241,751
108,241,776
109,241,772
110,241,776
111,241,765
112,241,769
113,241,771
114,241,764
115,241,773
116,241,766
117,241,784
118,241,767
119,241,768
120,241,774
121,241,763
122,241,767
123,241,759
124,241,765
125,241,774
126,241,765
127,241,772
128,241,767
129,241,765
130,241,757
131,241,768
132,241,763
133,241,769
134,241,766
135,241,754
136,241,757
137,241,767
138,241,762
139,241,765
140,241,765
141,241,750
142,241,763
143,241,760
144,241,777
145,241,773
146,241,757
147,241,776
148,241,752
149,241,769
150,241,765
151,241,751
152,241,768
153,241,759
154,241,766
155,241,760
156,241,778
157,241,770
158,241,764
159,241,776
160,241,759
161,241,776
162,241,758
163,241,772
164,241,771
165,241,768
166,241,778
167,241,769
168,241,773
169,241,776
170,241,765
171,241,769
172,241,767
173,241,773
174,241,767
175,241,774
176,241,781
177,241,771
178,241,758
179,241,771
180,241,753
181,241,771
182,241,765
183,241,781
184,241,780
185,241,772
186,241,777
187,241,764
188,241,775
189,241,761
190,241,778
191,241,760
192,241,774
193,241,766
194,241,770
195,241,779
196,241,750
197,241,783
198,241,753
199,241,774
200,241,783
201,241,763
202,241,779
203,241,767
204,241,781
205,241,779
206,241,765
207,241,781
208,241,759
209,241,774
210,241,774
211,241,769
212,241,766
213,241,769
214,241,783
215,241,784
216,241,784
217,241,776
218,241,789
219,241,765
220,241,786
221,241,764
222,241,786
223,241,776
224,241,765
225,241,785
226,241,765
227,241,792
228,241,772
229,241,769
230,241,779
231,241,767
232,241,786
233,241,752
234,241,770
235,241,760
236,241,772
237,241,765
238,241,761
239,241,779
240,241,766
241,241,781
242,241,761
243,241,766
244,241,781
245,241,772
246,241,794
247,241,766
248,241,776
249,241,778
250,241,774
251,241,775
252,241,774
253,241,776
254,241,777
255,241,773
256,241,769
257,241,771
258,241,763
259,241,766
260,241,774
261,241,775
262,241,793
263,241,782
264,241,807
265,241,788
266,241,799
267,241,800
268,241,781
269,241,781
270,241,769
271,241,761
272,241,779
273,241,775
274,241,777
275,241,762
276,241,773
277,241,773
278,241,776
279,241,778
280,241,774
281,241,785
282,241,792
283,241,786
284,241,771
285,241,760
286,241,786
287,241,782
288,241,786
289,241,800
290,241,794
291,241,815
292,241,814
293,241,821
294,241,801
295,241,812
296,241,798
297,241,800
298,241,818
299,241,827
300,241,816
301,241,820
302,241,809
303,241,829
304,241,859
305,241,848
306,241,865
307,241,880
308,241,895
309,241,907
310,241,916
311,241,953
312,241,924
313,241,955
314,241,913
315,241,886
316,241,932
317,241,909
318,241,930
319,241,884
320,241,931
321,241,902
322,241,848
323,241,830
324,241,814
325,241,800
326,241,793
327,241,791
328,241,790
329,241,773
330,241,759
331,241,776
332,241,763
333,241,758
334,241,776
335,241,763
336,241,766
337,241,767
338,241,764
339,241,760
340,241,770
341,241,769
342,241,781
343,241,776
344,241,776
345,241,786
346,241,760
347,241,793
348,241,760
349,241,781
350,241,759
351,241,776
352,241,777
353,241,772
354,241,772
355,241,750
356,241,783
357,241,758
358,241,780
359,241,763
360,241,772
361,241,773
362,241,758
363,241,778
364,241,777
365,241,770
366,241,768
367,241,777
368,241,776
369,241,770
370,241,759
371,241,783
372,241,759
373,241,778
374,241,755
375,241,774
376,241,761
377,241,762
378,241,765
379,241,767
380,241,771
381,241,757
382,241,779
383,241,758
384,241,765
385,241,749
386,241,773
387,241,762
65,242,770
66,242,757
67,242,779
68,242,757
69,242,766
70,242,750
71,242,762
72,242,750
73,242,774
74,242,750
75,242,772
76,242,758
77,242,775
78,242,755
79,242,769
80,242,764
81,242,769
82,242,759
83,242,757
84,242,767
85,242,758
86,242,769
87,242,757
88,242,755
89,242,762
90,242,771
91,242,774
92,242,756
93,242,768
94,242,758
95,242,785
96,242,756
97,242,780
98,242,756
99,242,776
100,242,753
101,242,765
102,242,758
103,242,754
104,242,767
105,242,768
106,242,770
107,242,766
108,242,759
109,242,751
110,242,762
111,242,753
112,242,780
113,242,757
114,242,774
115,242,758
116,242,774
117,242,757
118,242,763
119,242,766
120,242,751
121,242,769
122,242,759
123,242,765
124,242,762
125,242,764
126,242,768
127,242,757
128,242,758
129,242,758
130,242,766
131,242,758
132,242,763
133,242,769
134,242,760
135,242,762
136,242,765
137,242,771
138,242,760
139,242,770
140,242,768
141,242,752
142,242,766
143,242,761
144,242,758
145,242,770
146,242,767
147,242,766
148,242,771
149,242,773
150,242,760
151,242,769
152,242,757
153,242,761
154,242,760
155,242,758
156,242,770
157,242,758
158,242,773
159,242,754
160,242,768
161,242,765
162,242,764
163,242,767
164,242,753
165,242,777
166,242,765
167,242,761
168,242,769
169,242,757
170,242,762
171,242,771
172,242,757
173,242,773
174,242,755
175,242,762
176,242,765
177,242,767
178,242,774
179,242,752
180,242,773
181,242,762
182,242,770
183,242,765
184,242,758
185,242,782
186,242,759
187,242,768
188,242,762
189,242,756
190,242,779
191,242,766
192,242,767
193,242,760
194,242,770
195,242,769
196,242,762
197,242,765
198,242,766
199,242,768
200,242,767
201,242,770
202,242,762
203,242,770
204,242,770
205,242,754
206,242,761
207,242,771
208,242,757
209,242,774
210,242,771
211,242,768
212,242,770
213,242,755
214,242,775
215,242,760
216,242,772
217,242,773
218,242,764
219,242,782
220,242,761
221,242,767
222,242,775
223,242,773
224,242,786
225,242,769
226,242,775
227,242,784
228,242,765
229,242,791
230,242,758
231,242,772
232,242,777
233,242,763
234,242,780
235,242,772
236,242,764
237,242,779
238,242,755
239,242,777
240,242,767
241,242,763
242,242,776
243,242,764
244,242,764
245,242,770
246,242,780
247,242,776
248,242,767
249,242,771
250,242,760
251,242,772
252,242,770
253,242,761
254,242,778
255,242,770
256,242,775
257,242,767
258,242,772
259,242,767
260,242,777
261,242,779
262,242,770
263,242,789
264,242,801
265,242,793
266,242,819
267,242,802
268,242,813
269,242,794
270,242,770
271,242,796
272,242,768
273,242,766
274,242,784
275,242,763
276,242,793
277,242,765
278,242,779
279,242,793
280,242,770
281,242,798
282,242,764
283,242,778
284,242,784
285,242,776
286,242,797
287,242,787
288,242,802
289,242,798
290,242,812
291,242,825
292,242,834
293,242,852
294,242,840
295,242,865
296,242,860
297,242,873
298,242,838
299,242,859
300,242,837
301,242,839
302,242,836
303,242,835
304,242,840
305,242,863
306,242,904
307,242,946
308,242,901
309,242,971
310,242,979
311,242,991
312,242,966
313,242,997
314,242,957
315,242,1017
316,242,953
317,242,940
318,242,972
319,242,966
320,242,992
321,242,931
322,242,928
323,242,893
324,242,843
325,242,814
326,242,801
327,242,802
328,242,777
329,242,776
330,242,770
331,242,759
332,242,778
333,242,764
334,242,767
335,242,774
336,242,769
337,242,762
338,242,759
339,242,770
340,242,765
341,242,767
342,242,777
343,242,777
344,242,776
345,242,776
346,242,769
347,242,772
348,242,768
349,242,777
350,242,763
351,242,759
352,242,769
353,242,758
354,242,772
355,242,751
356,242,775
357,242,748
358,242,759
359,242,762
360,242,767
361,242,759
362,242,765
363,242,775
364,242,753
365,242,772
366,242,753
367,242,769
368,242,757
369,242,769
370,242,775
371,242,762
372,242,767
373,242,757
374,242,786
375,242,768
376,242,776
377,242,770
378,242,763
379,242,765
380,242,769
381,242,775
382,242,753
383,242,766
384,242,756
385,242,758
386,242,773
387,242,745
64,243,769
65,243,765
66,243,763
67,243,761
68,243,769
69,243,772
70,243,771
71,243,767
72,243,774
73,243,764
74,243,759
75,243,774
76,243,764
77,243,771
78,243,761
79,243,773
80,243,762
81,243,773
82,243,764
83,243,780
84,243,760
85,243,773
86,243,772
87,243,781
88,243,773
89,243,767
90,243,780
91,243,765
92,243,767
93,243,767
94,243,770
95,243,761
96,243,774
97,243,773
98,243,769
99,243,778
100,243,768
101,243,778
102,243,763
103,243,775
104,243,775
105,243,777
106,243,771
107,243,761
108,243,775
109,243,776
110,243,770
111,243,762
112,243,774
113,243,755
114,243,772
115,243,758
116,243,773
117,243,756
118,243,758
119,243,766
120,243,758
121,243,765
122,243,763
123,243,769
124,243,761
125,243,767
126,243,754
127,243,778
128,243,759
129,243,775
130,243,766
131,243,767
132,243,777
133,243,775
134,243,770
135,243,764
136,243,757
137,243,770
138,243,770
139,243,772
140,243,764
141,243,768
142,243,781
143,243,757
144,243,788
145,243,751
146,243,770
147,243,774
148,243,767
149,243,771
150,243,759
151,243,770
152,243,758
153,243,777
154,243,771
155,243,773
156,243,778
157,243,761
158,243,776
159,243,763
160,243,768
161,243,766
162,243,770
163,243,767
164,243,753
165,243,773
166,243,763
167,243,764
168,243,761
169,243,763
170,243,762
171,243,760
172,243,762
173,243,756
174,243,770
175,243,765
176,243,767
177,243,758
178,243,758
179,243,762
180,243,760
181,243,761
182,243,765
183,243,765
184,243,785
185,243,782
186,243,769
187,243,762
188,243,759
189,243,774
190,243,763
191,243,761
192,243,778
193,243,755
194,243,782
195,243,761
196,243,777
197,243,778
198,243,766
199,243,789
200,243,762
201,243,765
202,243,780
203,243,758
204,243,768
205,243,760
206,243,768
207,243,771
208,243,771
209,243,772
210,243,767
211,243,770
212,243,761
213,243,773
214,243,758
215,243,770
216,243,761
217,243,776
218,243,760
219,243,753
220,243,780
221,243,770
222,243,788
223,243,786
224,243,788
225,243,771
226,243,787
227,243,771
228,243,755
229,243,771
230,243,768
231,243,783
232,243,760
233,243,766
234,243,772
235,243,761
236,243,781
237,243,760
238,243,771
239,243,769
240,243,774
241,243,789
242,243,758
243,243,782
244,243,777
245,243,775
246,243,783
247,243,776
248,243,789
249,243,769
250,243,773
251,243,768
252,243,762
253,243,768
254,243,774
255,243,759
256,243,767
257,243,773
258,243,765
259,243,773
260,243,758
261,243,780
262,243,776
263,243,776
264,243,796
265,243,792
266,243,821
267,243,798
268,243,805
269,243,788
270,243,769
271,243,780
272,243,762
273,243,779
274,243,762
275,243,770
276,243,764
277,243,761
278,243,775
279,243,757
280,243,777
281,243,766
282,243,785
283,243,781
284,243,775
285,243,794
286,243,770
287,243,772
288,243,787
289,243,804
290,243,838
291,243,847
292,243,874
293,243,897
294,243,927
295,243,966
296,243,962
297,243,918
298,243,970
299,243,949
300,243,929
301,243,877
302,243,856
303,243,886
304,243,884
305,243,922
306,243,948
307,243,941
308,243,1050
309,243,1068
310,243,1102
311,243,1109
312,243,1115
313,243,1093
314,243,1137
315,243,1125
316,243,1067
317,243,1093
318,243,1035
319,243,1020
320,243,1023
321,243,1022
322,243,978
323,243,925
324,243,860
325,243,837
326,243,822
327,243,799
328,243,769
329,243,773
330,243,768
331,243,780
332,243,785
333,243,765
334,243,786
335,243,769
336,243,771
337,243,776
338,243,765
339,243,776
340,243,762
341,243,787
342,243,771
343,243,774
344,243,777
345,243,761
346,243,770
347,243,767
348,243,771
349,243,765
350,243,775
351,243,781
352,243,767
353,243,780
354,243,767
355,243,761
356,243,766
357,243,755
358,243,774
359,243,753
360,243,764
361,243,764
362,243,763
363,243,761
364,243,771
365,243,768
366,243,753
367,243,779
368,243,760
369,243,776
370,243,758
371,243,774
372,243,756
373,243,777
374,243,767
375,243,781
376,243,768
377,243,763
378,243,768
379,243,752
380,243,770
381,243,769
382,243,771
383,243,777
384,243,759
385,243,763
386,243,757
387,243,773
64,244,772
65,244,778
66,244,777
67,244,782
68,244,758
69,244,778
70,244,758
71,244,785
72,244,757
73,244,789
74,244,761
75,244,775
76,244,769
77,244,780
78,244,766
79,244,778
80,244,772
81,244,779
82,244,765
83,244,769
84,244,770
85,244,766
86,244,761
87,244,775
88,244,773
89,244,762
90,244,770
91,244,767
92,244,765
93,244,766
94,244,763
95,244,754
96,244,764
97,244,763
98,244,771
99,244,745
100,244,773
101,244,762
102,244,772
103,244,766
104,244,788
105,244,775
106,244,777
107,244,786
108,244,762
109,244,780
110,244,766
111,244,770
112,244,778
113,244,766
114,244,774
115,244,770
116,244,782
117,244,764
118,244,777
119,244,765
120,244,778
121,244,768
122,244,758
123,244,773
124,244,768
125,244,772
126,244,760
127,244,773
128,244,764
129,244,780
130,244,774
131,244,767
132,244,768
133,244,762
134,244,770
135,244,770
136,244,770
137,244,763
138,244,765
139,244,774
140,244,774
141,244,772
142,244,766
143,244,770
144,244,762
145,244,771
146,244,772
147,244,769
148,244,777
149,244,755
150,244,769
151,244,775
152,244,763
153,244,778
154,244,757
155,244,777
156,244,774
157,244,770
158,244,774
159,244,749
160,244,785
161,244,762
162,244,774
163,244,770
164,244,771
165,244,779
166,244,765
167,244,782
168,244,756
169,244,765
170,244,764
171,244,764
172,244,782
173,244,761
174,244,773
175,244,761
176,244,764
177,244,774
178,244,775
179,244,765
180,244,772
181,244,762
182,244,771
183,244,767
184,244,761
185,244,757
186,244,774
187,244,768
188,244,774
189,244,771
190,244,770
191,244,775
192,244,765
193,244,764
194,244,773
195,244,765
196,244,772
197,244,762
198,244,761
199,244,767
200,244,764
201,244,780
202,244,759
203,244,786
204,244,768
205,244,763
206,244,777
207,244,762
208,244,786
209,244,767
210,244,766
211,244,789
212,244,768
213,244,774
214,244,778
215,244,770
216,244,782
217,244,769
218,244,783
219,244,763
220,244,767
221,244,787
222,244,784
223,244,792
224,244,792
225,244,786
226,244,776
227,244,779
228,244,782
229,244,773
230,244,768
231,244,775
232,244,770
233,244,770
234,244,772
235,244,769
236,244,782
237,244,767
238,244,774
239,244,769
240,244,763
241,244,769
242,244,760
243,244,773
244,244,772
245,244,766
246,244,772
247,244,761
248,244,777
249,244,766
250,244,780
251,244,767
252,244,773
253,244,785
254,244,766
255,244,786
256,244,770
257,244,769
258,244,786
259,244,754
260,244,784
261,244,763
262,244,780
263,244,783
264,244,775
265,244,806
266,244,788
267,244,789
268,244,784
269,244,803
270,244,791
271,244,777
272,244,779
273,244,797
274,244,763
275,244,772
276,244,778
277,244,778
278,244,783
279,244,775
280,244,796
281,244,791
282,244,782
283,244,787
284,244,773
285,244,804
286,244,787
287,244,813
288,244,820
289,244,826
290,244,827
291,244,855
292,244,950
293,244,992
294,244,1092
295,244,1127
296,244,1145
297,244,1116
298,244,1079
299,244,1047
300,244,999
301,244,955
302,244,910
303,244,950
304,244,954
305,244,984
306,244,1012
307,244,1052
308,244,1176
309,244,1270
310,244,1302
311,244,1348
312,244,1360
313,244,1348
314,244,1331
315,244,1316
316,244,1277
317,244,1168
318,244,1153
319,244,1128
320,244,1089
321,244,1040
322,244,1020
323,244,925
324,244,897
325,244,845
326,244,826
327,244,791
328,244,800
329,244,788
330,244,769
331,244,780
332,244,769
333,244,761
334,244,769
335,244,767
336,244,768
337,244,761
338,244,777
339,244,763
340,244,757
341,244,767
342,244,768
343,244,776
344,244,766
345,244,774
346,244,770
347,244,766
348,244,772
349,244,754
350,244,778
351,244,758
352,244,756
353,244,774
354,244,754
355,244,781
356,244,762
357,244,775
358,244,777
359,244,772
360,244,781
361,244,755
362,244,783
363,244,762
364,244,771
365,244,763
366,244,770
367,244,771
368,244,755
369,244,764
370,244,761
371,244,773
372,244,756
373,244,758
374,244,770
375,244,761
376,244,774
377,244,755
378,244,766
379,244,758
380,244,767
381,244,764
382,244,764
383,244,763
384,244,767
385,244,769
386,244,760
387,244,767
63,245,744
64,245,769
65,245,755
66,245,764
67,245,760
68,245,765
69,245,764
70,245,774
71,245,764
72,245,774
73,245,771
74,245,765
75,245,761
76,245,761
77,245,770
78,245,757
79,245,770
80,245,761
81,245,774
82,245,761
83,245,785
84,245,752
85,245,780
86,245,764
87,245,785
88,245,747
89,245,774
90,245,753
91,245,783
92,245,770
93,245,772
94,245,764
95,245,766
96,245,763
97,245,770
98,245,758
99,245,780
100,245,762
101,245,773
102,245,763
103,245,772
104,245,754
105,245,768
106,245,761
107,245,756
108,245,770
109,245,767
110,245,766
111,245,769
112,245,763
113,245,777
114,245,764
115,245,770
116,245,774
117,245,766
118,245,773
119,245,761
120,245,785
121,245,758
122,245,783
123,245,766
124,245,776
125,245,767
126,245,766
127,245,769
128,245,770
129,245,777
130,245,761
131,245,772
132,245,766
133,245,760
134,245,777
135,245,763
136,245,776
137,245,780
138,245,782
139,245,775
140,245,775
141,245,780
142,245,767
143,245,766
144,245,774
145,245,765
146,245,772
147,245,767
148,245,771
149,245,770
150,245,778
151,245,763
152,245,769
153,245,772
154,245,776
155,245,770
156,245,765
157,245,775
158,245,765
159,245,772
160,245,766
161,245,769
162,245,772
163,245,764
164,245,774
165,245,774
166,245,766
167,245,781
168,245,776
169,245,784
170,245,768
171,245,776
172,245,778
173,245,770
174,245,781
175,245,757
176,245,770
177,245,779
178,245,770
179,245,778
180,245,777
181,245,786
182,245,770
183,245,762
184,245,755
185,245,768
186,245,771
187,245,771
188,245,776
189,245,773
190,245,772
191,245,770
192,245,777
193,245,766
194,245,776
195,245,753
196,245,768
197,245,777
198,245,774
199,245,790
200,245,767
201,245,783
202,245,767
203,245,775
204,245,768
205,245,772
206,245,772
207,245,757
208,245,781
209,245,759
210,245,774
211,245,760
212,245,767
213,245,782
214,245,768
215,245,783
216,245,761
217,245,776
218,245,774
219,245,766
220,245,785
221,245,760
222,245,778
223,245,783
224,245,776
225,245,779
226,245,772
227,245,769
228,245,769
229,245,764
230,245,775
231,245,773
232,245,772
233,245,774
234,245,762
235,245,769
236,245,775
237,245,772
238,245,778
239,245,758
240,245,777
241,245,764
242,245,771
243,245,777
244,245,766
245,245,770
246,245,774
247,245,778
248,245,768
249,245,767
250,245,778
251,245,767
252,245,775
253,245,772
254,245,779
255,245,785
256,245,788
257,245,771
258,245,776
259,245,771
260,245,772
261,245,768
262,245,776
263,245,779
264,245,779
265,245,778
266,245,782
267,245,790
268,245,781
269,245,781
270,245,784
271,245,776
272,245,775
273,245,769
274,245,777
275,245,785
276,245,770
277,245,786
278,245,780
279,245,772
280,245,780
281,245,779
282,245,801
283,245,781
284,245,795
285,245,798
286,245,786
287,245,819
288,245,807
289,245,831
290,245,840
291,245,888
292,245,962
293,245,1049
294,245,1200
295,245,1228
296,245,1296
297,245,1333
298,245,1306
299,245,1201
300,245,1064
301,245,1014
302,245,994
303,245,965
304,245,1011
305,245,1007
306,245,1061
307,245,1168
308,245,1297
309,245,1422
310,245,1544
311,245,1652
312,245,1642
313,245,1567
314,245,1568
315,245,1540
316,245,1411
317,245,1313
318,245,1246
319,245,1264
320,245,1178
321,245,1152
322,245,1048
323,245,985
324,245,936
325,245,834
326,245,837
327,245,799
328,245,776
329,245,797
330,245,770
331,245,789
332,245,767
333,245,780
334,245,769
335,245,768
336,245,767
337,245,748
338,245,784
339,245,763
340,245,774
341,245,765
342,245,761
343,245,770
344,245,769
345,245,770
346,245,756
347,245,767
348,245,761
349,245,764
350,245,756
351,245,770
352,245,772
353,245,761
354,245,769
355,245,764
356,245,761
357,245,765
358,245,758
359,245,759
360,245,771
361,245,752
362,245,767
363,245,756
364,245,769
365,245,760
366,245,769
367,245,760
368,245,761
369,245,770
370,245,758
371,245,774
372,245,758
373,245,773
374,245,754
375,245,773
376,245,756
377,245,763
378,245,768
379,245,760
380,245,771
381,245,762
382,245,764
383,245,764
384,245,774
385,245,771
386,245,759
387,245,777
388,245,751
63,246,758
64,246,765
65,246,771
66,246,754
67,246,764
68,246,771
69,246,760
70,246,758
71,246,764
72,246,763
73,246,758
74,246,762
75,246,763
76,246,758
77,246,772
78,246,768
79,246,771
80,246,759
81,246,775
82,246,764
83,246,762
84,246,770
85,246,764
86,246,764
87,246,767
88,246,765
89,246,769
90,246,756
91,246,772
92,246,756
93,246,774
94,246,751
95,246,774
96,246,762
97,246,767
98,246,764
99,246,765
100,246,773
101,246,754
102,246,769
103,246,759
104,246,773
105,246,758
106,246,782
107,246,767
108,246,771
109,246,766
110,246,772
111,246,766
112,246,770
113,246,764
114,246,775
115,246,762
116,246,775
117,246,758
118,246,760
119,246,767
120,246,769
121,246,763
122,246,767
123,246,755
124,246,758
125,246,760
126,246,763
127,246,767
128,246,763
129,246,773
130,246,765
131,246,774
132,246,753
133,246,769
134,246,759
135,246,776
136,246,771
137,246,768
138,246,776
139,246,747
140,246,776
141,246,742
142,246,771
143,246,756
144,246,754
145,246,774
146,246,766
147,246,774
148,246,765
149,246,766
150,246,771
151,246,760
152,246,770
153,246,779
154,246,761
155,246,778
156,246,762
157,246,773
158,246,756
159,246,766
160,246,764
161,246,767
162,246,770
163,246,756
164,246,777
165,246,749
166,246,763
167,246,754
168,246,778
169,246,781
170,246,762
171,246,769
172,246,762
173,246,773
174,246,759
175,246,773
176,246,778
177,246,766
178,246,767
179,246,757
180,246,769
181,246,759
182,246,761
183,246,777
184,246,763
185,246,763
186,246,767
187,246,769
188,246,771
189,246,764
190,246,766
191,246,767
192,246,758
193,246,773
194,246,749
195,246,781
196,246,766
197,246,754
198,246,767
199,246,755
200,246,779
201,246,760
202,246,769
203,246,776
204,246,769
205,246,789
206,246,767
207,246,776
208,246,761
209,246,765
210,246,768
211,246,769
212,246,780
213,246,777
214,246,773
215,246,779
216,246,772
217,246,780
218,246,770
219,246,778
220,246,777
221,246,768
222,246,786
223,246,777
224,246,770
225,246,781
226,246,766
227,246,774
228,246,776
229,246,762
230,246,772
231,246,765
232,246,772
233,246,765
234,246,772
235,246,783
236,246,779
237,246,766
238,246,783
239,246,770
240,246,774
241,246,766
242,246,779
243,246,764
244,246,768
245,246,771
246,246,762
247,246,782
248,246,770
249,246,766
250,246,786
251,246,759
252,246,787
253,246,780
254,246,770
255,246,783
256,246,769
257,246,778
258,246,779
259,246,767
260,246,770
261,246,761
262,246,792
263,246,766
264,246,781
265,246,775
266,246,787
267,246,795
268,246,778
269,246,787
270,246,771
271,246,780
272,246,764
273,246,779
274,246,774
275,246,776
276,246,771
277,246,787
278,246,790
279,246,785
280,246,786
281,246,785
282,246,793
283,246,790
284,246,806
285,246,819
286,246,796
287,246,802
288,246,812
289,246,859
290,246,870
291,246,909
292,246,1017
293,246,1100
294,246,1244
295,246,1336
296,246,1441
297,246,1354
298,246,1364
299,246,1286
300,246,1176
301,246,1135
302,246,1101
303,246,1120
304,246,1137
305,246,1148
306,246,1185
307,246,1274
308,246,1412
309,246,1626
310,246,1722
311,246,1929
312,246,1971
313,246,1885
314,246,1880
315,246,1780
316,246,1571
317,246,1507
318,246,1356
319,246,1318
320,246,1308
321,246,1254
322,246,1132
323,246,1001
324,246,935
325,246,873
326,246,851
327,246,806
328,246,787
329,246,783
330,246,777
331,246,760
332,246,760
333,246,773
334,246,767
335,246,773
336,246,759
337,246,766
338,246,766
339,246,752
340,246,785
341,246,762
342,246,766
343,246,762
344,246,752
345,246,766
346,246,752
347,246,778
348,246,759
349,246,770
350,246,773
351,246,752
352,246,771
353,246,754
354,246,770
355,246,771
356,246,760
357,246,773
358,246,757
359,246,768
360,246,757
361,246,763
362,246,759
363,246,757
364,246,766
365,246,762
366,246,766
367,246,757
368,246,765
369,246,760
370,246,768
371,246,758
372,246,768
373,246,765
374,246,754
375,246,767
376,246,769
377,246,755
378,246,757
379,246,762
380,246,766
381,246,752
382,246,770
383,246,752
384,246,772
385,246,750
386,246,784
387,246,755
388,246,773
62,247,774
63,247,767
64,247,764
65,247,780
66,247,776
67,247,776
68,247,771
69,247,775
70,247,767
71,247,776
72,247,765
73,247,764
74,247,766
75,247,768
76,247,758
77,247,771
78,247,763
79,247,764
80,247,775
81,247,773
82,247,764
83,247,769
84,247,763
85,247,772
86,247,763
87,247,765
88,247,762
89,247,771
90,247,760
91,247,764
92,247,752
93,247,768
94,247,760
95,247,769
96,247,756
97,247,774
98,247,751
99,247,774
100,247,757
101,247,771
102,247,748
103,247,776
104,247,756
105,247,771
106,247,762
107,247,758
108,247,766
109,247,766
110,247,768
111,247,761
112,247,763
113,247,769
114,247,753
115,247,781
116,247,758
117,247,769
118,247,756
119,247,770
120,247,774
121,247,761
122,247,776
123,247,753
124,247,781
125,247,760
126,247,788
127,247,760
128,247,781
129,247,764
130,247,766
131,247,782
132,247,759
133,247,766
134,247,765
135,247,761
136,247,763
137,247,767
138,247,757
139,247,760
140,247,760
141,247,766
142,247,764
143,247,759
144,247,772
145,247,760
146,247,759
147,247,774
148,247,759
149,247,777
150,247,763
151,247,770
152,247,771
153,247,771
154,247,761
155,247,761
156,247,779
157,247,757
158,247,763
159,247,778
160,247,763
161,247,773
162,247,754
163,247,760
164,247,764
165,247,758
166,247,772
167,247,763
168,247,760
169,247,776
170,247,747
171,247,774
172,247,752
173,247,761
174,247,760
175,247,769
176,247,773
177,247,764
178,247,769
179,247,761
180,247,776
181,247,771
182,247,773
183,247,770
184,247,766
185,247,773
186,247,765
187,247,775
188,247,749
189,247,778
190,247,772
191,247,764
192,247,772
193,247,753
194,247,774
195,247,757
196,247,776
197,247,760
198,247,771
199,247,769
200,247,776
201,247,760
202,247,759
203,247,771
204,247,769
205,247,772
206,247,756
207,247,774
208,247,769
209,247,767
210,247,781
211,247,760
212,247,786
213,247,767
214,247,769
215,247,776
216,247,752
217,247,792
218,247,772
219,247,789
220,247,769
221,247,777
222,247,781
223,247,770
224,247,765
225,247,766
226,247,773
227,247,776
228,247,779
229,247,780
230,247,762
231,247,774
232,247,755
233,247,768
234,247,766
235,247,790
236,247,763
237,247,763
238,247,780
239,247,769
240,247,773
241,247,754
242,247,772
243,247,761
244,247,767
245,247,783
246,247,770
247,247,780
248,247,765
249,247,778
250,247,765
251,247,781
252,247,780
253,247,782
254,247,807
255,247,774
256,247,797
257,247,797
258,247,785
259,247,792
260,247,772
261,247,791
262,247,776
263,247,784
264,247,779
265,247,774
266,247,778
267,247,776
268,247,790
269,247,790
270,247,782
271,247,774
272,247,787
273,247,771
274,247,785
275,247,763
276,247,781
277,247,781
278,247,779
279,247,787
280,247,793
281,247,785
282,247,802
283,247,784
284,247,795
285,247,787
286,247,811
287,247,800
288,247,828
289,247,879
290,247,886
291,247,962
292,247,1044
293,247,1208
294,247,1318
295,247,1370
296,247,1454
297,247,1392
298,247,1393
299,247,1335
300,247,1321
301,247,1292
302,247,1256
303,247,1298
304,247,1256
305,247,1306
306,247,1327
307,247,1460
308,247,1600
309,247,1879
310,247,1961
311,247,2119
312,247,2162
313,247,2220
314,247,2185
315,247,2053
316,247,1882
317,247,1722
318,247,1615
319,247,1482
320,247,1427
321,247,1316
322,247,1224
323,247,1077
324,247,971
325,247,894
326,247,842
327,247,816
328,247,801
329,247,787
330,247,782
331,247,788
332,247,760
333,247,781
334,247,763
335,247,777
336,247,764
337,247,778
338,247,759
339,247,766
340,247,768
341,247,762
342,247,771
343,247,758
344,247,763
345,247,761
346,247,771
347,247,766
348,247,766
349,247,772
350,247,754
351,247,777
352,247,751
353,247,767
354,247,756
355,247,769
356,247,777
357,247,778
358,247,769
359,247,776
360,247,772
361,247,771
362,247,766
363,247,769
364,247,772
365,247,771
366,247,773
367,247,754
368,247,777
369,247,760
370,247,778
371,247,768
372,247,761
373,247,771
374,247,762
375,247,770
376,247,755
377,247,771
378,247,763
379,247,766
380,247,756
381,247,764
382,247,767
383,247,764
384,247,760
385,247,751
386,247,761
387,247,766
388,247,763
62,248,768
63,248,781
64,248,763
65,248,758
66,248,769
67,248,769
68,248,767
69,248,768
70,248,762
71,248,772
72,248,756
73,248,762
74,248,766
75,248,772
76,248,766
77,248,776
78,248,779
79,248,767
80,248,772
81,248,759
82,248,779
83,248,763
84,248,776
85,248,759
86,248,774
87,248,762
88,248,774
89,248,763
90,248,764
91,248,767
92,248,776
93,248,777
94,248,776
95,248,773
96,248,756
97,248,771
98,248,766
99,248,772
100,248,759
101,248,772
102,248,762
103,248,775
104,248,767
105,248,779
106,248,773
107,248,772
108,248,766
109,248,769
110,248,765
111,248,762
112,248,775
113,248,762
114,248,774
115,248,767
116,248,779
117,248,765
118,248,786
119,248,769
120,248,767
121,248,772
122,248,778
123,248,769
124,248,766
125,248,767
126,248,783
127,248,761
128,248,789
129,248,772
130,248,766
131,248,769
132,248,769
133,248,776
134,248,759
135,248,790
136,248,761
137,248,773
138,248,754
139,248,775
140,248,781
141,248,768
142,248,777
143,248,760
144,248,779
145,248,770
146,248,780
147,248,752
148,248,774
149,248,769
150,248,771
151,248,763
152,248,771
153,248,766
154,248,775
155,248,778
156,248,762
157,248,768
158,248,763
159,248,772
160,248,761
161,248,774
162,248,767
163,248,767
164,248,766
165,248,765
166,248,772
167,248,755
168,248,781
169,248,764
170,248,783
171,248,763
172,248,769
173,248,772
174,248,762
175,248,771
176,248,755
177,248,779
178,248,762
179,248,772
180,248,771
181,248,762
182,248,773
183,248,772
184,248,766
185,248,778
186,248,774
187,248,779
188,248,771
189,248,763
190,248,772
191,248,766
192,248,770
193,248,767
194,248,757
195,248,769
196,248,764
197,248,768
198,248,767
199,248,764
200,248,764
201,248,757
202,248,774
203,248,771
204,248,782
205,248,765
206,248,771
207,248,773
208,248,756
209,248,766
210,248,768
211,248,778
212,248,769
213,248,774
214,248,767
215,248,767
216,248,768
217,248,769
218,248,767
219,248,768
220,248,772
221,248,759
222,248,782
223,248,759
224,248,774
225,248,758
226,248,778
227,248,774
228,248,761
229,248,768
230,248,762
231,248,776
232,248,765
233,248,757
234,248,780
235,248,755
236,248,774
237,248,763
238,248,769
239,248,783
240,248,767
241,248,772
242,248,770
243,248,771
244,248,760
245,248,764
246,248,754
247,248,776
248,248,756
249,248,781
250,248,774
251,248,769
252,248,797
253,248,780
254,248,806
255,248,813
256,248,845
257,248,847
258,248,808
259,248,812
260,248,773
261,248,773
262,248,776
263,248,764
264,248,784
265,248,764
266,248,796
267,248,765
268,248,780
269,248,775
270,248,779
271,248,778
272,248,770
273,248,786
274,248,763
275,248,786
276,248,800
277,248,785
278,248,785
279,248,779
280,248,784
281,248,787
282,248,790
283,248,803
284,248,799
285,248,802
286,248,822
287,248,847
288,248,825
289,248,884
290,248,865
291,248,946
292,248,1036
293,248,1213
294,248,1470
295,248,1399
296,248,1478
297,248,1434
298,248,1435
299,248,1417
300,248,1469
301,248,1541
302,248,1486
303,248,1561
304,248,1642
305,248,1601
306,248,1570
307,248,1663
308,248,1773
309,248,1950
310,248,2016
311,248,2173
312,248,2245
313,248,2300
314,248,2438
315,248,2145
316,248,2066
317,248,1923
318,248,1845
319,248,1726
320,248,1530
321,248,1438
322,248,1331
323,248,1072
324,248,978
325,248,936
326,248,876
327,248,834
328,248,812
329,248,800
330,248,799
331,248,784
332,248,786
333,248,774
334,248,773
335,248,772
336,248,769
337,248,774
338,248,760
339,248,777
340,248,771
341,248,764
342,248,768
343,248,748
344,248,780
345,248,765
346,248,772
347,248,771
348,248,759
349,248,764
350,248,762
351,248,766
352,248,757
353,248,763
354,248,765
355,248,763
356,248,762
357,248,764
358,248,767
359,248,752
360,248,770
361,248,769
362,248,765
363,248,762
364,248,769
365,248,760
366,248,769
367,248,766
368,248,757
369,248,763
370,248,760
371,248,772
372,248,771
373,248,760
374,248,762
375,248,764
376,248,762
377,248,768
378,248,760
379,248,775
380,248,755
381,248,767
382,248,754
383,248,768
384,248,765
385,248,755
386,248,777
387,248,754
388,248,769
62,249,733
63,249,775
64,249,750
65,249,788
66,249,746
67,249,785
68,249,757
69,249,771
70,249,750
71,249,771
72,249,756
73,249,762
74,249,756
75,249,768
76,249,763
77,249,752
78,249,766
79,249,757
80,249,769
81,249,755
82,249,772
83,249,757
84,249,765
85,249,757
86,249,781
87,249,757
88,249,771
89,249,760
90,249,769
91,249,756
92,249,781
93,249,742
94,249,767
95,249,757
96,249,768
97,249,753
98,249,767
99,249,763
100,249,764
101,249,768
102,249,762
103,249,765
104,249,763
105,249,779
106,249,764
107,249,767
108,249,750
109,249,756
110,249,758
111,249,778
112,249,760
113,249,766
114,249,765
115,249,765
116,249,765
117,249,770
118,249,761
119,249,774
120,249,754
121,249,774
122,249,757
123,249,768
124,249,763
125,249,761
126,249,777
127,249,757
128,249,771
129,249,756
130,249,776
131,249,761
132,249,772
133,249,763
134,249,772
135,249,759
136,249,777
137,249,764
138,249,763
139,249,769
140,249,763
141,249,765
142,249,763
143,249,760
144,249,771
145,249,757
146,249,779
147,249,759
148,249,759
149,249,763
150,249,763
151,249,771
152,249,765
153,249,764
154,249,766
155,249,765
156,249,762
157,249,759
158,249,757
159,249,762
160,249,761
161,249,773
162,249,756
163,249,772
164,249,762
165,249,753
166,249,761
167,249,764
168,249,772
169,249,758
170,249,750
171,249,762
172,249,750
173,249,772
174,249,748
175,249,773
176,249,756
177,249,766
178,249,753
179,249,762
180,249,774
181,249,762
182,249,778
183,249,751
184,249,776
185,249,758
186,249,766
187,249,753
188,249,763
189,249,773
190,249,754
191,249,769
192,249,767
193,249,766
194,249,762
195,249,766
196,249,771
197,249,763
198,249,758
199,249,766
200,249,764
201,249,762
202,249,785
203,249,760
204,249,757
205,249,767
206,249,758
207,249,787
208,249,749
209,249,776
210,249,769
211,249,756
212,249,776
213,249,746
214,249,774
215,249,756
216,249,767
217,249,757
218,249,758
219,249,775
220,249,762
221,249,771
222,249,771
223,249,772
224,249,772
225,249,762
226,249,776
227,249,760
228,249,773
229,249,765
230,249,773
231,249,770
232,249,764
233,249,773
234,249,767
235,249,770
236,249,761
237,249,764
238,249,755
239,249,773
240,249,760
241,249,768
242,249,757
243,249,768
244,249,788
245,249,765
246,249,771
247,249,757
248,249,760
249,249,777
250,249,766
251,249,783
252,249,769
253,249,793
254,249,815
255,249,839
256,249,888
257,249,879
258,249,858
259,249,829
260,249,805
261,249,786
262,249,763
263,249,778
264,249,779
265,249,778
266,249,782
267,249,771
268,249,779
269,249,786
270,249,778
271,249,772
272,249,782
273,249,779
274,249,777
275,249,774
276,249,791
277,249,766
278,249,776
279,249,774
280,249,798
281,249,801
282,249,784
283,249,808
284,249,805
285,249,810
286,249,830
287,249,832
288,249,888
289,249,889
290,249,929
291,249,1027
292,249,1147
293,249,1303
294,249,1410
295,249,1503
296,249,1567
297,249,1597
298,249,1612
299,249,1574
300,249,1674
301,249,1758
302,249,1837
303,249,1999
304,249,1912
305,249,1893
306,249,1988
307,249,2052
308,249,2043
309,249,2147
310,249,2266
311,249,2377
312,249,2399
313,249,2508
314,249,2478
315,249,2357
316,249,2335
317,249,2239
318,249,2124
319,249,1933
320,249,1785
321,249,1557
322,249,1295
323,249,1097
324,249,1004
325,249,876
326,249,839
327,249,818
328,249,831
329,249,794
330,249,794
331,249,784
332,249,784
333,249,800
334,249,765
335,249,774
336,249,776
337,249,778
338,249,760
339,249,778
340,249,763
341,249,772
342,249,769
343,249,774
344,249,776
345,249,755
346,249,776
347,249,765
348,249,775
349,249,760
350,249,764
351,249,782
352,249,755
353,249,764
354,249,758
355,249,768
356,249,772
357,249,763
358,249,768
359,249,766
360,249,771
361,249,761
362,249,754
363,249,762
364,249,766
365,249,771
366,249,766
367,249,758
368,249,760
369,249,747
370,249,769
371,249,765
372,249,768
373,249,750
374,249,753
375,249,763
376,249,760
377,249,758
378,249,753
379,249,768
380,249,762
381,249,755
382,249,755
383,249,769
384,249,763
385,249,771
386,249,762
387,249,763
388,249,758
61,250,763
62,250,772
63,250,756
64,250,769
65,250,766
66,250,767
67,250,767
68,250,758
69,250,765
70,250,763
71,250,767
72,250,765
73,250,779
74,250,761
75,250,771
76,250,751
77,250,772
78,250,763
79,250,771
80,250,757
81,250,774
82,250,759
83,250,767
84,250,761
85,250,773
86,250,758
87,250,770
88,250,769
89,250,764
90,250,767
91,250,755
92,250,767
93,250,768
94,250,763
95,250,764
96,250,768
97,250,768
98,250,762
99,250,772
100,250,766
101,250,776
102,250,758
103,250,776
104,250,763
105,250,781
106,250,757
107,250,772
108,250,765
109,250,776
110,250,763
111,250,771
112,250,766
113,250,760
114,250,766
115,250,780
116,250,780
117,250,758
118,250,777
119,250,758
120,250,782
121,250,763
122,250,757
123,250,763
124,250,774
125,250,771
126,250,765
127,250,757
128,250,784
129,250,756
130,250,774
131,250,770
132,250,772
133,250,774
134,250,754
135,250,765
136,250,744
137,250,778
138,250,745
139,250,784
140,250,755
141,250,772
142,250,765
143,250,754
144,250,765
145,250,759
146,250,766
147,250,752
148,250,781
149,250,746
150,250,767
151,250,758
152,250,766
153,250,778
154,250,761
155,250,767
156,250,753
157,250,770
158,250,765
159,250,770
160,250,765
161,250,764
162,250,758
163,250,777
164,250,764
165,250,777
166,250,762
167,250,760
168,250,764
169,250,760
170,250,785
171,250,763
172,250,780
173,250,760
174,250,766
175,250,776
176,250,756
177,250,774
178,250,757
179,250,755
180,250,762
181,250,756
182,250,777
183,250,763
184,250,768
185,250,769
186,250,765
187,250,762
188,250,764
189,250,772
190,250,765
191,250,767
192,250,767
193,250,762
194,250,764
195,250,766
196,250,756
197,250,762
198,250,763
199,250,759
200,250,759
201,250,770
202,250,757
203,250,760
204,250,763
205,250,766
206,250,774
207,250,760
208,250,769
209,250,767
210,250,780
211,250,772
212,250,763
213,250,767
214,250,767
215,250,758
216,250,776
217,250,780
218,250,773
219,250,786
220,250,758
221,250,781
222,250,762
223,250,780
224,250,765
225,250,759
226,250,794
227,250,754
228,250,774
229,250,769
230,250,762
231,250,763
232,250,767
233,250,776
234,250,756
235,250,767
236,250,771
237,250,769
238,250,778
239,250,764
240,250,772
241,250,769
242,250,781
243,250,767
244,250,760
245,250,758
246,250,758
247,250,783
248,250,757
249,250,772
250,250,760
251,250,773
252,250,765
253,250,800
254,250,826
255,250,844
256,250,950
257,250,914
258,250,904
259,250,842
260,250,797
261,250,788
262,250,771
263,250,799
264,250,779
265,250,793
266,250,796
267,250,770
268,250,791
269,250,761
270,250,793
271,250,780
272,250,787
273,250,800
274,250,799
275,250,794
276,250,775
277,250,799
278,250,784
279,250,791
280,250,791
281,250,789
282,250,786
283,250,802
284,250,839
285,250,812
286,250,894
287,250,862
288,250,917
289,250,944
290,250,985
291,250,1139
292,250,1214
293,250,1420
294,250,1452
295,250,1673
296,250,1704
297,250,1749
298,250,1773
299,250,1914
300,250,1880
301,250,2036
302,250,2208
303,250,2267
304,250,2392
305,250,2289
306,250,2389
307,250,2335
308,250,2334
309,250,2397
310,250,2518
311,250,2744
312,250,2809
313,250,2972
314,250,2866
315,250,2678
316,250,2610
317,250,2507
318,250,2330
319,250,2224
320,250,1884
321,250,1614
322,250,1278
323,250,1141
324,250,1012
325,250,888
326,250,845
327,250,841
328,250,784
329,250,814
330,250,808
331,250,802
332,250,804
333,250,776
334,250,783
335,250,773
336,250,767
337,250,773
338,250,759
339,250,778
340,250,766
341,250,780
342,250,756
343,250,771
344,250,770
345,250,765
346,250,758
347,250,769
348,250,770
349,250,769
350,250,776
351,250,772
352,250,768
353,250,764
354,250,760
355,250,763
356,250,759
357,250,763
358,250,767
359,250,763
360,250,771
361,250,767
362,250,768
363,250,770
364,250,763
365,250,767
366,250,757
367,250,765
368,250,766
369,250,758
370,250,764
371,250,764
372,250,761
373,250,763
374,250,771
375,250,759
376,250,765
377,250,761
378,250,758
379,250,768
380,250,754
381,250,775
382,250,754
383,250,775
384,250,756
385,250,755
386,250,762
387,250,762
388,250,764
389,250,767
61,251,772
62,251,743
63,251,766
64,251,757
65,251,766
66,251,766
67,251,764
68,251,768
69,251,760
70,251,779
71,251,765
72,251,785
73,251,760
74,251,782
75,251,759
76,251,776
77,251,764
78,251,768
79,251,758
80,251,774
81,251,761
82,251,767
83,251,754
84,251,766
85,251,772
86,251,773
87,251,770
88,251,772
89,251,760
90,251,766
91,251,754
92,251,764
93,251,760
94,251,776
95,251,747
96,251,782
97,251,742
98,251,765
99,251,752
100,251,779
101,251,750
102,251,770
103,251,759
104,251,759
105,251,762
106,251,765
107,251,766
108,251,764
109,251,755
110,251,764
111,251,755
112,251,775
113,251,753
114,251,755
115,251,766
116,251,773
117,251,766
118,251,765
119,251,765
120,251,763
121,251,764
122,251,760
123,251,766
124,251,762
125,251,769
126,251,756
127,251,781
128,251,767
129,251,771
130,251,760
131,251,774
132,251,773
133,251,774
134,251,767
135,251,756
136,251,786
137,251,770
138,251,768
139,251,763
140,251,759
141,251,774
142,251,767
143,251,768
144,251,773
145,251,760
146,251,770
147,251,756
148,251,770
149,251,768
150,251,773
151,251,754
152,251,754
153,251,773
154,251,752
155,251,764
156,251,763
157,251,777
158,251,767
159,251,765
160,251,767
161,251,754
162,251,773
163,251,768
164,251,766
165,251,769
166,251,768
167,251,764
168,251,759
169,251,765
170,251,756
171,251,756
172,251,772
173,251,770
174,251,758
175,251,762
176,251,758
177,251,766
178,251,758
179,251,772
180,251,760
181,251,769
182,251,767
183,251,764
184,251,767
185,251,756
186,251,770
187,251,763
188,251,760
189,251,779
190,251,758
191,251,781
192,251,755
193,251,761
194,251,775
195,251,757
196,251,760
197,251,770
198,251,767
199,251,771
200,251,762
201,251,764
202,251,761
203,251,765
204,251,770
205,251,764
206,251,762
207,251,752
208,251,751
209,251,788
210,251,752
211,251,759
212,251,762
213,251,758
214,251,769
215,251,741
216,251,772
217,251,756
218,251,767
219,251,755
220,251,766
221,251,763
222,251,752
223,251,781
224,251,747
225,251,768
226,251,768
227,251,762
228,251,781
229,251,754
230,251,770
231,251,756
232,251,759
233,251,765
234,251,763
235,251,764
236,251,758
237,251,763
238,251,769
239,251,774
240,251,774
241,251,774
242,251,763
243,251,760
244,251,759
245,251,760
246,251,764
247,251,756
248,251,764
249,251,756
250,251,771
251,251,787
252,251,771
253,251,783
254,251,816
255,251,842
256,251,866
257,251,876
258,251,852
259,251,830
260,251,809
261,251,789
262,251,781
263,251,789
264,251,774
265,251,766
266,251,783
267,251,782
268,251,786
269,251,789
270,251,790
271,251,781
272,251,774
273,251,786
274,251,782
275,251,783
276,251,792
277,251,803
278,251,784
279,251,796
280,251,825
281,251,789
282,251,816
283,251,818
284,251,871
285,251,877
286,251,869
287,251,914
288,251,964
289,251,953
290,251,1075
291,251,1143
292,251,1230
293,251,1467
294,251,1696
295,251,1802
296,251,1968
297,251,1987
298,251,2132
299,251,2219
300,251,2414
301,251,2575
302,251,2625
303,251,2727
304,251,2763
305,251,2801
306,251,2780
307,251,2826
308,251,2751
309,251,2809
310,251,2997
311,251,3010
312,251,3211
313,251,3274
314,251,3266
315,251,3141
316,251,2975
317,251,2754
318,251,2517
319,251,2324
320,251,1953
321,251,1575
322,251,1286
323,251,1144
324,251,963
325,251,894
326,251,867
327,251,804
328,251,824
329,251,810
330,251,799
331,251,784
332,251,805
333,251,776
334,251,791
335,251,780
336,251,778
337,251,765
338,251,764
339,251,778
340,251,743
341,251,785
342,251,762
343,251,779
344,251,762
345,251,757
346,251,779
347,251,747
348,251,778
349,251,742
350,251,769
351,251,757
352,251,766
353,251,765
354,251,757
355,251,761
356,251,758
357,251,773
358,251,762
359,251,762
360,251,764
361,251,766
362,251,768
363,251,778
364,251,752
365,251,766
366,251,764
367,251,769
368,251,759
369,251,757
370,251,767
371,251,768
372,251,762
373,251,749
374,251,777
375,251,754
376,251,769
377,251,760
378,251,775
379,251,757
380,251,761
381,251,755
382,251,762
383,251,766
384,251,761
385,251,778
386,251,753
387,251,768
388,251,756
389,251,768
60,252,772
61,252,768
62,252,773
63,252,754
64,252,764
65,252,765
66,252,762
67,252,770
68,252,776
69,252,769
70,252,787
71,252,763
72,252,767
73,252,762
74,252,772
75,252,760
76,252,761
77,252,761
78,252,762
79,252,764
80,252,772
81,252,761
82,252,769
83,252,772
84,252,768
85,252,758
86,252,768
87,252,763
88,252,764
89,252,770
90,252,763
91,252,769
92,252,776
93,252,754
94,252,765
95,252,758
96,252,755
97,252,756
98,252,768
99,252,757
100,252,779
101,252,761
102,252,775
103,252,750
104,252,772
105,252,757
106,252,764
107,252,771
108,252,747
109,252,781
110,252,754
111,252,786
112,252,754
113,252,785
114,252,760
115,252,775
116,252,762
117,252,761
118,252,768
119,252,768
120,252,761
121,252,769
122,252,768
123,252,769
124,252,759
125,252,772
126,252,756
127,252,769
128,252,765
129,252,757
130,252,782
131,252,752
132,252,780
133,252,753
134,252,768
135,252,749
136,252,775
137,252,754
138,252,772
139,252,760
140,252,764
141,252,776
142,252,753
143,252,781
144,252,751
145,252,784
146,252,761
147,252,764
148,252,777
149,252,754
150,252,777
151,252,758
152,252,785
153,252,760
154,252,772
155,252,763
156,252,763
157,252,768
158,252,769
159,252,772
160,252,762
161,252,755
162,252,770
163,252,758
164,252,759
165,252,762
166,252,756
167,252,769
168,252,758
169,252,773
170,252,762
171,252,752
172,252,769
173,252,751
174,252,766
175,252,761
176,252,774
177,252,766
178,252,756
179,252,768
180,252,742
181,252,765
182,252,757
183,252,758
184,252,763
185,252,764
186,252,764
187,252,761
188,252,764
189,252,760
190,252,762
191,252,754
192,252,764
193,252,764
194,252,766
195,252,765
196,252,764
197,252,771
198,252,768
199,252,766
200,252,762
201,252,779
202,252,771
203,252,772
204,252,757
205,252,773
206,252,779
207,252,754
208,252,773
209,252,768
210,252,775
211,252,772
212,252,759
213,252,769
214,252,756
215,252,762
216,252,767
217,252,753
218,252,762
219,252,749
220,252,758
221,252,763
222,252,753
223,252,771
224,252,751
225,252,776
226,252,779
227,252,764
228,252,772
229,252,754
230,252,773
231,252,765
232,252,762
233,252,773
234,252,762
235,252,771
236,252,752
237,252,765
238,252,776
239,252,764
240,252,774
241,252,778
242,252,761
243,252,773
244,252,759
245,252,763
246,252,771
247,252,782
248,252,781
249,252,769
250,252,770
251,252,777
252,252,783
253,252,791
254,252,783
255,252,828
256,252,828
257,252,835
258,252,813
259,252,810
260,252,803
261,252,799
262,252,812
263,252,790
264,252,785
265,252,802
266,252,772
267,252,794
268,252,774
269,252,776
270,252,784
271,252,779
272,252,795
273,252,788
274,252,790
275,252,788
276,252,780
277,252,793
278,252,782
279,252,808
280,252,808
281,252,830
282,252,825
283,252,863
284,252,865
285,252,901
286,252,926
287,252,1008
288,252,1077
289,252,1085
290,252,1138
291,252,1262
292,252,1379
293,252,1589
294,252,1863
295,252,2182
296,252,2373
297,252,2518
298,252,2681
299,252,2732
300,252,2852
301,252,3019
302,252,3147
303,252,3179
304,252,3336
305,252,3409
306,252,3287
307,252,3341
308,252,3454
309,252,3336
310,252,3359
311,252,3481
312,252,3426
313,252,3586
314,252,3496
315,252,3421
316,252,3356
317,252,3013
318,252,2668
319,252,2260
320,252,1788
321,252,1523
322,252,1331
323,252,1141
324,252,1005
325,252,919
326,252,878
327,252,841
328,252,826
329,252,817
330,252,778
331,252,804
332,252,780
333,252,804
334,252,796
335,252,772
336,252,772
337,252,786
338,252,770
339,252,776
340,252,778
341,252,769
342,252,763
343,252,775
344,252,763
345,252,772
346,252,773
347,252,767
348,252,768
349,252,765
350,252,776
351,252,766
352,252,768
353,252,766
354,252,771
355,252,767
356,252,760
357,252,783
358,252,762
359,252,781
360,252,773
361,252,766
362,252,771
363,252,767
364,252,770
365,252,752
366,252,766
367,252,760
368,252,762
369,252,768
370,252,762
371,252,766
372,252,771
373,252,764
374,252,764
375,252,768
376,252,765
377,252,759
378,252,770
379,252,755
380,252,769
381,252,759
382,252,769
383,252,778
384,252,759
385,252,766
386,252,757
387,252,770
388,252,754
389,252,777
60,253,764
61,253,753
62,253,764
63,253,754
64,253,767
65,253,755
66,253,769
67,253,754
68,253,763
69,253,750
70,253,776
71,253,753
72,253,775
73,253,753
74,253,776
75,253,752
76,253,762
77,253,755
78,253,776
79,253,750
80,253,762
81,253,757
82,253,754
83,253,767
84,253,764
85,253,774
86,253,759
87,253,771
88,253,769
89,253,761
90,253,746
91,253,776
92,253,761
93,253,767
94,253,758
95,253,769
96,253,767
97,253,764
98,253,766
99,253,762
100,253,769
101,253,768
102,253,779
103,253,763
104,253,768
105,253,763
106,253,766
107,253,766
108,253,763
109,253,765
110,253,770
111,253,767
112,253,750
113,253,770
114,253,758
115,253,760
116,253,759
117,253,755
118,253,773
119,253,759
120,253,761
121,253,752
122,253,774
123,253,755
124,253,779
125,253,754
126,253,773
127,253,762
128,253,771
129,253,761
130,253,775
131,253,767
132,253,756
133,253,771
134,253,758
135,253,769
136,253,760
137,253,771
138,253,765
139,253,766
140,253,766
141,253,767
142,253,755
143,253,772
144,253,757
145,253,776
146,253,761
147,253,753
148,253,770
149,253,750
150,253,785
151,253,756
152,253,771
153,253,753
154,253,760
155,253,759
156,253,766
157,253,780
158,253,769
159,253,773
160,253,758
161,253,774
162,253,761
163,253,767
164,253,772
165,253,762
166,253,769
167,253,764
168,253,763
169,253,766
170,253,772
171,253,772
172,253,772
173,253,767
174,253,777
175,253,774
176,253,769
177,253,768
178,253,757
179,253,775
180,253,749
181,253,780
182,253,759
183,253,769
184,253,762
185,253,758
186,253,780
187,253,739
188,253,769
189,253,753
190,253,755
191,253,763
192,253,754
193,253,777
194,253,748
195,253,773
196,253,748
197,253,762
198,253,761
199,253,772
200,253,783
201,253,761
202,253,779
203,253,771
204,253,768
205,253,770
206,253,776
207,253,758
208,253,769
209,253,759
210,253,766
211,253,775
212,253,764
213,253,765
214,253,767
215,253,776
216,253,771
217,253,768
218,253,779
219,253,758
220,253,775
221,253,753
222,253,768
223,253,778
224,253,755
225,253,782
226,253,758
227,253,780
228,253,769
229,253,777
230,253,783
231,253,758
232,253,773
233,253,765
234,253,774
235,253,780
236,253,766
237,253,764
238,253,759
239,253,769
240,253,762
241,253,752
242,253,770
243,253,773
244,253,779
245,253,762
246,253,757
247,253,773
248,253,758
249,253,766
250,253,777
251,253,763
252,253,777
253,253,785
254,253,786
255,253,801
256,253,812
257,253,801
258,253,808
259,253,786
260,253,792
261,253,815
262,253,817
263,253,808
264,253,808
265,253,818
266,253,795
267,253,784
268,253,761
269,253,804
270,253,796
271,253,788
272,253,789
273,253,789
274,253,793
275,253,779
276,253,784
277,253,797
278,253,789
279,253,808
280,253,807
281,253,837
282,253,906
283,253,867
284,253,938
285,253,986
286,253,1049
287,253,1081
288,253,1129
289,253,1270
290,253,1299
291,253,1405
292,253,1664
293,253,1922
294,253,2352
295,253,2545
296,253,2826
297,253,3063
298,253,3207
299,253,3352
300,253,3604
301,253,3496
302,253,3701
303,253,3629
304,253,3820
305,253,3902
306,253,3917
307,253,3950
308,253,3991
309,253,4104
310,253,3938
311,253,3862
312,253,3936
313,253,3896
314,253,3950
315,253,3713
316,253,3596
317,253,3311
318,253,2866
319,253,2298
320,253,1885
321,253,1554
322,253,1323
323,253,1167
324,253,1036
325,253,950
326,253,885
327,253,869
328,253,822
329,253,814
330,253,817
331,253,817
332,253,822
333,253,783
334,253,787
335,253,768
336,253,805
337,253,767
338,253,793
339,253,780
340,253,775
341,253,768
342,253,771
343,253,776
344,253,751
345,253,786
346,253,753
347,253,774
348,253,752
349,253,771
350,253,772
351,253,755
352,253,777
353,253,759
354,253,766
355,253,755
356,253,766
357,253,756
358,253,754
359,253,760
360,253,764
361,253,761
362,253,755
363,253,768
364,253,769
365,253,762
366,253,770
367,253,763
368,253,759
369,253,769
370,253,759
371,253,769
372,253,759
373,253,767
374,253,759
375,253,755
376,253,765
377,253,770
378,253,761
379,253,754
380,253,764
381,253,751
382,253,775
383,253,760
384,253,776
385,253,757
386,253,764
387,253,757
388,253,761
389,253,763
61,254,763
62,254,769
63,254,758
64,254,758
65,254,756
66,254,767
67,254,756
68,254,766
69,254,756
70,254,763
71,254,761
72,254,767
73,254,756
74,254,770
75,254,759
76,254,765
77,254,751
78,254,767
79,254,760
80,254,764
81,254,752
82,254,781
83,254,761
84,254,771
85,254,751
86,254,773
87,254,757
88,254,761
89,254,757
90,254,770
91,254,759
92,254,769
93,254,761
94,254,766
95,254,771
96,254,757
97,254,774
98,254,753
99,254,771
100,254,768
101,254,765
102,254,760
103,254,752
104,254,779
105,254,758
106,254,788
107,254,750
108,254,778
109,254,742
110,254,772
111,254,759
112,254,768
113,254,760
114,254,760
115,254,762
116,254,761
117,254,766
118,254,760
119,254,772
120,254,762
121,254,766
122,254,754
123,254,760
124,254,766
125,254,773
126,254,757
127,254,773
128,254,752
129,254,780
130,254,764
131,254,777
132,254,767
133,254,771
134,254,762
135,254,761
136,254,766
137,254,765
138,254,775
139,254,758
140,254,769
141,254,755
142,254,772
143,254,759
144,254,763
145,254,768
146,254,750
147,254,774
148,254,757
149,254,772
150,254,765
151,254,771
152,254,767
153,254,766
154,254,769
155,254,765
156,254,772
157,254,753
158,254,761
159,254,760
160,254,759
161,254,757
162,254,767
163,254,759
164,254,778
165,254,760
166,254,759
167,254,754
168,254,767
169,254,767
170,254,748
171,254,771
172,254,759
173,254,771
174,254,755
175,254,760
176,254,770
177,254,761
178,254,780
179,254,773
180,254,777
181,254,760
182,254,765
183,254,763
184,254,763
185,254,766
186,254,769
187,254,766
188,254,770
189,254,781
190,254,768
191,254,767
192,254,768
193,254,768
194,254,763
195,254,769
196,254,767
197,254,771
198,254,760
199,254,762
200,254,776
201,254,761
202,254,775
203,254,764
204,254,757
205,254,774
206,254,755
207,254,774
208,254,769
209,254,767
210,254,774
211,254,752
212,254,767
213,254,760
214,254,782
215,254,772
216,254,765
217,254,773
218,254,776
219,254,774
220,254,762
221,254,766
222,254,774
223,254,774
224,254,766
225,254,778
226,254,763
227,254,779
228,254,791
229,254,763
230,254,781
231,254,769
232,254,783
233,254,772
234,254,768
235,254,779
236,254,763
237,254,784
238,254,764
239,254,790
240,254,774
241,254,765
242,254,773
243,254,763
244,254,785
245,254,750
246,254,776
247,254,768
248,254,772
249,254,778
250,254,766
251,254,774
252,254,774
253,254,781
254,254,779
255,254,791
256,254,780
257,254,784
258,254,791
259,254,786
260,254,796
261,254,813
262,254,832
263,254,827
264,254,810
265,254,805
266,254,778
267,254,803
268,254,788
269,254,795
270,254,787
271,254,781
272,254,781
273,254,777
274,254,792
275,254,788
276,254,789
277,254,799
278,254,793
279,254,817
280,254,835
281,254,838
282,254,892
283,254,907
284,254,987
285,254,1069
286,254,1224
287,254,1259
288,254,1351
289,254,1504
290,254,1694
291,254,1873
292,254,2128
293,254,2537
294,254,2803
295,254,3075
296,254,3451
297,254,3470
298,254,3829
299,254,3917
300,254,4039
301,254,4122
302,254,4246
303,254,4285
304,254,4385
305,254,4282
306,254,4398
307,254,4637
308,254,4510
309,254,4692
310,254,4575
311,254,4570
312,254,4514
313,254,4403
314,254,4222
315,254,4153
316,254,3856
317,254,3449
318,254,3079
319,254,2575
320,254,1993
321,254,1775
322,254,1414
323,254,1230
324,254,1017
325,254,1025
326,254,924
327,254,883
328,254,874
329,254,832
330,254,822
331,254,806
332,254,814
333,254,794
334,254,792
335,254,781
336,254,776
337,254,796
338,254,760
339,254,781
340,254,764
341,254,773
342,254,769
343,254,774
344,254,768
345,254,759
346,254,764
347,254,766
348,254,764
349,254,756
350,254,775
351,254,768
352,254,776
353,254,744
354,254,781
355,254,761
356,254,766
357,254,765
358,254,755
359,254,766
360,254,748
361,254,771
362,254,744
363,254,778
364,254,751
365,254,771
366,254,758
367,254,759
368,254,763
369,254,754
370,254,770
371,254,748
372,254,775
373,254,758
374,254,771
375,254,749
376,254,764
377,254,767
378,254,768
379,254,766
380,254,774
381,254,757
382,254,766
383,254,751
384,254,766
385,254,754
386,254,766
387,254,762
388,254,761
389,254,768
61,255,769
62,255,772
63,255,763
64,255,764
65,255,764
66,255,768
67,255,761
68,255,767
69,255,769
70,255,764
71,255,770
72,255,763
73,255,763
74,255,762
75,255,776
76,255,756
77,255,769
78,255,770
79,255,770
80,255,769
81,255,761
82,255,776
83,255,761
84,255,769
85,255,759
86,255,766
87,255,767
88,255,769
89,255,755
90,255,766
91,255,756
92,255,761
93,255,760
94,255,761
95,255,771
96,255,764
97,255,764
98,255,759
99,255,766
100,255,769
101,255,749
102,255,767
103,255,760
104,255,767
105,255,754
106,255,781
107,255,770
108,255,771
109,255,764
110,255,766
111,255,761
112,255,779
113,255,763
114,255,778
115,255,760
116,255,763
117,255,772
118,255,766
119,255,789
120,255,760
121,255,778
122,255,767
123,255,768
124,255,763
125,255,769
126,255,776
127,255,766
128,255,784
129,255,754
130,255,766
131,255,764
132,255,763
133,255,755
134,255,764
135,255,766
136,255,780
137,255,763
138,255,767
139,255,762
140,255,768
141,255,767
142,255,776
143,255,764
144,255,766
145,255,769
146,255,768
147,255,771
148,255,757
149,255,783
150,255,754
151,255,775
152,255,764
153,255,772
154,255,776
155,255,740
156,255,778
157,255,755
158,255,775
159,255,759
160,255,771
161,255,765
162,255,749
163,255,761
164,255,750
165,255,771
166,255,756
167,255,768
168,255,766
169,255,772
170,255,754
171,255,750
172,255,769
173,255,766
174,255,764
175,255,758
176,255,752
177,255,751
178,255,770
179,255,749
180,255,763
181,255,764
182,255,757
183,255,778
184,255,747
185,255,772
186,255,756
187,255,772
188,255,772
189,255,756
190,255,769
191,255,746
192,255,774
193,255,760
194,255,765
195,255,763
196,255,747
197,255,777
198,255,748
199,255,768
200,255,753
201,255,764
202,255,765
203,255,764
204,255,772
205,255,769
206,255,773
207,255,767
208,255,777
209,255,763
210,255,763
211,255,762
212,255,759
213,255,772
214,255,767
215,255,763
216,255,761
217,255,781
218,255,747
219,255,777
220,255,759
221,255,760
222,255,769
223,255,753
224,255,781
225,255,753
226,255,770
227,255,769
228,255,756
229,255,780
230,255,755
231,255,779
232,255,776
233,255,765
234,255,759
235,255,753
236,255,769
237,255,755
238,255,777
239,255,780
240,255,767
241,255,768
242,255,771
243,255,763
244,255,756
245,255,775
246,255,770
247,255,768
248,255,760
249,255,774
250,255,762
251,255,773
252,255,765
253,255,780
254,255,776
255,255,781
256,255,794
257,255,774
258,255,787
259,255,794
260,255,787
261,255,823
262,255,823
263,255,818
264,255,817
265,255,786
266,255,795
267,255,781
268,255,808
269,255,801
270,255,798
271,255,790
272,255,783
273,255,784
274,255,805
275,255,788
276,255,808
277,255,810
278,255,818
279,255,859
280,255,854
281,255,894
282,255,950
283,255,1010
284,255,1126
285,255,1198
286,255,1323
287,255,1432
288,255,1667
289,255,1867
290,255,2117
291,255,2550
292,255,2881
293,255,3103
294,255,3541
295,255,3788
296,255,4032
297,255,4180
298,255,4325
299,255,4564
300,255,4664
301,255,4789
302,255,4784
303,255,4949
304,255,4962
305,255,5021
306,255,5045
307,255,5291
308,255,5261
309,255,5657
310,255,5422
311,255,5444
312,255,5244
313,255,5150
314,255,4782
315,255,4518
316,255,4292
317,255,3842
318,255,3487
319,255,2937
320,255,2453
321,255,2001
322,255,1688
323,255,1401
324,255,1198
325,255,1059
326,255,986
327,255,908
328,255,858
329,255,866
330,255,823
331,255,817
332,255,817
333,255,800
334,255,802
335,255,789
336,255,777
337,255,783
338,255,773
339,255,768
340,255,765
341,255,770
342,255,773
343,255,761
344,255,780
345,255,768
346,255,764
347,255,765
348,255,761
349,255,772
350,255,759
351,255,774
352,255,755
353,255,763
354,255,767
355,255,770
356,255,768
357,255,753
358,255,763
359,255,764
360,255,768
361,255,760
362,255,758
363,255,750
364,255,765
365,255,767
366,255,761
367,255,750
368,255,763
369,255,755
370,255,764
371,255,767
372,255,766
373,255,764
374,255,770
375,255,765
376,255,771
377,255,773
378,255,757
379,255,772
380,255,755
381,255,780
382,255,750
383,255,766
384,255,760
385,255,764
386,255,765
387,255,753
388,255,760
62,256,766
63,256,767
64,256,765
65,256,770
66,256,756
67,256,775
68,256,753
69,256,769
70,256,761
71,256,776
72,256,767
73,256,765
74,256,760
75,256,778
76,256,770
77,256,776
78,256,766
79,256,772
80,256,773
81,256,783
82,256,776
83,256,765
84,256,762
85,256,758
86,256,783
87,256,762
88,256,776
89,256,767
90,256,782
91,256,760
92,256,775
93,256,770
94,256,770
95,256,757
96,256,766
97,256,760
98,256,765
99,256,766
100,256,763
101,256,759
102,256,755
103,256,764
104,256,759
105,256,756
106,256,762
107,256,760
108,256,766
109,256,766
110,256,775
111,256,763
112,256,774
113,256,756
114,256,779
115,256,763
116,256,770
117,256,774
118,256,767
119,256,767
120,256,767
121,256,767
122,256,767
123,256,779
124,256,763
125,256,773
126,256,762
127,256,771
128,256,764
129,256,760
130,256,764
131,256,760
132,256,770
133,256,767
134,256,768
135,256,771
136,256,758
137,256,762
138,256,748
139,256,767
140,256,758
141,256,772
142,256,776
143,256,751
144,256,761
145,256,763
146,256,769
147,256,755
148,256,759
149,256,761
150,256,748
151,256,757
152,256,757
153,256,770
154,256,764
155,256,760
156,256,768
157,256,756
158,256,769
159,256,770
160,256,771
161,256,775
162,256,758
163,256,766
164,256,766
165,256,776
166,256,761
167,256,773
168,256,768
169,256,759
170,256,767
171,256,754
172,256,779
173,256,774
174,256,771
175,256,769
176,256,761
177,256,765
178,256,761
179,256,773
180,256,764
181,256,770
182,256,760
183,256,763
184,256,770
185,256,763
186,256,767
187,256,777
188,256,760
189,256,764
190,256,765
191,256,750
192,256,764
193,256,756
194,256,767
195,256,757
196,256,750
197,256,771
198,256,750
199,256,775
200,256,759
201,256,765
202,256,766
203,256,751
204,256,768
205,256,754
206,256,769
207,256,770
208,256,762
209,256,769
210,256,763
211,256,775
212,256,765
213,256,771
214,256,763
215,256,770
216,256,776
217,256,770
218,256,778
219,256,772
220,256,777
221,256,790
222,256,773
223,256,772
224,256,774
225,256,780
226,256,768
227,256,784
228,256,775
229,256,778
230,256,760
231,256,763
232,256,777
233,256,764
234,256,777
235,256,766
236,256,779
237,256,769
238,256,774
239,256,787
240,256,766
241,256,793
242,256,755
243,256,766
244,256,768
245,256,770
246,256,779
247,256,764
248,256,774
249,256,755
250,256,778
251,256,771
252,256,758
253,256,779
254,256,777
255,256,787
256,256,768
257,256,772
258,256,782
259,256,779
260,256,796
261,256,807
262,256,811
263,256,796
264,256,807
265,256,794
266,256,796
267,256,784
268,256,776
269,256,800
270,256,794
271,256,815
272,256,816
273,256,807
274,256,810
275,256,791
276,256,813
277,256,822
278,256,861
279,256,869
280,256,910
281,256,948
282,256,1026
283,256,1127
284,256,1155
285,256,1291
286,256,1488
287,256,1777
288,256,1923
289,256,2233
290,256,2506
291,256,2975
292,256,3328
293,256,3768
294,256,4166
295,256,4432
296,256,4555
297,256,4785
298,256,4829
299,256,5032
300,256,5262
301,256,5346
302,256,5720
303,256,5833
304,256,5627
305,256,5794
306,256,5877
307,256,5872
308,256,6078
309,256,6369
310,256,6346
311,256,5973
312,256,5899
313,256,5846
314,256,5170
315,256,4761
316,256,4658
317,256,4043
318,256,3614
319,256,3131
320,256,2742
321,256,2290
322,256,2010
323,256,1554
324,256,1364
325,256,1196
326,256,1019
327,256,924
328,256,861
329,256,849
330,256,832
331,256,816
332,256,820
333,256,794
334,256,805
335,256,774
336,256,777
337,256,780
338,256,761
339,256,775
340,256,766
341,256,759
342,256,765
343,256,768
344,256,772
345,256,766
346,256,767
347,256,763
348,256,763
349,256,769
350,256,760
351,256,779
352,256,763
353,256,791
354,256,771
355,256,770
356,256,772
357,256,758
358,256,772
359,256,756
360,256,778
361,256,757
362,256,782
363,256,768
364,256,763
365,256,780
366,256,770
367,256,782
368,256,760
369,256,778
370,256,767
371,256,778
372,256,768
373,256,768
374,256,769
375,256,763
376,256,767
377,256,758
378,256,775
379,256,765
380,256,763
381,256,779
382,256,757
383,256,764
384,256,772
385,256,762
386,256,771
387,256,777
388,256,780
62,257,777
63,257,759
64,257,769
65,257,756
66,257,759
67,257,766
68,257,757
69,257,763
70,257,755
71,257,770
72,257,751
73,257,774
74,257,764
75,257,770
76,257,750
77,257,776
78,257,743
79,257,779
80,257,756
81,257,785
82,257,765
83,257,793
84,257,761
85,257,785
86,257,750
87,257,768
88,257,765
89,257,781
90,257,766
91,257,774
92,257,773
93,257,773
94,257,763
95,257,764
96,257,772
97,257,768
98,257,765
99,257,770
100,257,768
101,257,764
102,257,762
103,257,772
104,257,760
105,257,760
106,257,762
107,257,772
108,257,757
109,257,772
110,257,766
111,257,763
112,257,755
113,257,757
114,257,776
115,257,749
116,257,765
117,257,751
118,257,767
119,257,764
120,257,758
121,257,749
122,257,743
123,257,768
124,257,761
125,257,779
126,257,751
127,257,754
128,257,756
129,257,769
130,257,763
131,257,762
132,257,772
133,257,773
134,257,767
135,257,758
136,257,768
137,257,762
138,257,761
139,257,764
140,257,768
141,257,761
142,257,768
143,257,776
144,257,763
145,257,756
146,257,765
147,257,759
148,257,768
149,257,768
150,257,768
151,257,764
152,257,754
153,257,777
154,257,764
155,257,773
156,257,765
157,257,756
158,257,765
159,257,754
160,257,773
161,257,752
162,257,766
163,257,758
164,257,758
165,257,769
166,257,766
167,257,763
168,257,763
169,257,767
170,257,756
171,257,753
172,257,765
173,257,767
174,257,766
175,257,762
176,257,756
177,257,765
178,257,763
179,257,768
180,257,760
181,257,754
182,257,762
183,257,749
184,257,765
185,257,762
186,257,763
187,257,757
188,257,758
189,257,769
190,257,768
191,257,775
192,257,766
193,257,762
194,257,766
195,257,764
196,257,771
197,257,758
198,257,775
199,257,772
200,257,757
201,257,768
202,257,762
203,257,780
204,257,760
205,257,761
206,257,776
207,257,760
208,257,764
209,257,772
210,257,760
211,257,772
212,257,763
213,257,769
214,257,772
215,257,762
216,257,775
217,257,755
218,257,765
219,257,771
220,257,774
221,257,771
222,257,757
223,257,772
224,257,757
225,257,761
226,257,780
227,257,757
228,257,782
229,257,769
230,257,775
231,257,771
232,257,768
233,257,773
234,257,770
235,257,777
236,257,760
237,257,768
238,257,763
239,257,772
240,257,778
241,257,759
242,257,765
243,257,758
244,257,763
245,257,785
246,257,761
247,257,772
248,257,786
249,257,769
250,257,767
251,257,770
252,257,775
253,257,785
254,257,765
255,257,766
256,257,774
257,257,763
258,257,800
259,257,759
260,257,788
261,257,783
262,257,767
263,257,792
264,257,766
265,257,784
266,257,771
267,257,780
268,257,796
269,257,783
270,257,798
271,257,796
272,257,815
273,257,824
274,257,831
275,257,819
276,257,830
277,257,851
278,257,878
279,257,919
280,257,987
281,257,1061
282,257,1113
283,257,1186
284,257,1284
285,257,1371
286,257,1666
287,257,1836
288,257,2179
289,257,2501
290,257,2959
291,257,3291
292,257,3769
293,257,4072
294,257,4527
295,257,4885
296,257,5038
297,257,5402
298,257,5403
299,257,5759
300,257,5947
301,257,6059
302,257,6380
303,257,6546
304,257,6589
305,257,6655
306,257,6797
307,257,6871
308,257,7195
309,257,7067
310,257,7023
311,257,6734
312,257,6417
313,257,6057
314,257,5608
315,257,5308
316,257,4910
317,257,4531
318,257,4165
319,257,3537
320,257,3054
321,257,2651
322,257,2206
323,257,1844
324,257,1531
325,257,1308
326,257,1110
327,257,997
328,257,922
329,257,906
330,257,864
331,257,846
332,257,826
333,257,826
334,257,809
335,257,802
336,257,779
337,257,781
338,257,801
339,257,777
340,257,755
341,257,774
342,257,764
343,257,773
344,257,765
345,257,760
346,257,772
347,257,764
348,257,771
349,257,772
350,257,778
351,257,766
352,257,767
353,257,765
354,257,769
355,257,764
356,257,762
357,257,771
358,257,772
359,257,773
360,257,765
361,257,768
362,257,776
363,257,757
364,257,759
365,257,765
366,257,758
367,257,760
368,257,750
369,257,773
370,257,747
371,257,765
372,257,761
373,257,769
374,257,768
375,257,756
376,257,786
377,257,756
378,257,780
379,257,751
380,257,772
381,257,763
382,257,764
383,257,769
384,257,771
385,257,768
386,257,767
387,257,782
388,257,775
63,258,758
64,258,786
65,258,758
66,258,772
67,258,748
68,258,773
69,258,751
70,258,766
71,258,759
72,258,767
73,258,758
74,258,758
75,258,753
76,258,762
77,258,765
78,258,762
79,258,767
80,258,770
81,258,789
82,258,777
83,258,789
84,258,762
85,258,791
86,258,755
87,258,780
88,258,745
89,258,772
90,258,753
91,258,764
92,258,760
93,258,777
94,258,756
95,258,754
96,258,770
97,258,766
98,258,768
99,258,770
100,258,765
101,258,767
102,258,777
103,258,756
104,258,765
105,258,762
106,258,760
107,258,761
108,258,760
109,258,760
110,258,762
111,258,761
112,258,762
113,258,764
114,258,762
115,258,760
116,258,765
117,258,772
118,258,770
119,258,759
120,258,765
121,258,755
122,258,778
123,258,760
124,258,771
125,258,759
126,258,752
127,258,767
128,258,746
129,258,774
130,258,753
131,258,776
132,258,766
133,258,769
134,258,772
135,258,755
136,258,770
137,258,759
138,258,770
139,258,765
140,258,763
141,258,770
142,258,767
143,258,765
144,258,763
145,258,763
146,258,763
147,258,761
148,258,767
149,258,758
150,258,764
151,258,768
152,258,762
153,258,771
154,258,751
155,258,768
156,258,761
157,258,770
158,258,770
159,258,766
160,258,762
161,258,752
162,258,781
163,258,750
164,258,772
165,258,758
166,258,773
167,258,759
168,258,768
169,258,759
170,258,755
171,258,777
172,258,758
173,258,761
174,258,766
175,258,765
176,258,780
177,258,759
178,258,771
179,258,768
180,258,756
181,258,769
182,258,755
183,258,767
184,258,783
185,258,770
186,258,766
187,258,763
188,258,757
189,258,778
190,258,755
191,258,770
192,258,758
193,258,757
194,258,773
195,258,753
196,258,776
197,258,756
198,258,769
199,258,767
200,258,770
201,258,767
202,258,760
203,258,765
204,258,747
205,258,762
206,258,764
207,258,754
208,258,760
209,258,750
210,258,771
211,258,787
212,258,778
213,258,774
214,258,760
215,258,780
216,258,770
217,258,783
218,258,769
219,258,768
220,258,770
221,258,758
222,258,777
223,258,764
224,258,768
225,258,766
226,258,766
227,258,764
228,258,768
229,258,770
230,258,774
231,258,762
232,258,768
233,258,767
234,258,759
235,258,771
236,258,770
237,258,764
238,258,774
239,258,766
240,258,780
241,258,779
242,258,773
243,258,772
244,258,765
245,258,769
246,258,753
247,258,773
248,258,769
249,258,751
250,258,791
251,258,768
252,258,775
253,258,774
254,258,786
255,258,779
256,258,765
257,258,784
258,258,782
259,258,785
260,258,784
261,258,760
262,258,779
263,258,779
264,258,773
265,258,783
266,258,785
267,258,788
268,258,780
269,258,770
270,258,795
271,258,813
272,258,824
273,258,839
274,258,841
275,258,849
276,258,852
277,258,907
278,258,925
279,258,1042
280,258,1091
281,258,1119
282,258,1214
283,258,1295
284,258,1398
285,258,1552
286,258,1759
287,258,2118
288,258,2443
289,258,2976
290,258,3420
291,258,3820
292,258,4212
293,258,4607
294,258,4986
295,258,5302
296,258,5709
297,258,6123
298,258,6283
299,258,6550
300,258,6836
301,258,7159
302,258,7190
303,258,7301
304,258,7435
305,258,7468
306,258,7404
307,258,7742
308,258,7634
309,258,7824
310,258,7710
311,258,7358
312,258,6943
313,258,6552
314,258,6271
315,258,5979
316,258,5515
317,258,5041
318,258,4544
319,258,4055
320,258,3461
321,258,3021
322,258,2502
323,258,2032
324,258,1644
325,258,1416
326,258,1222
327,258,1072
328,258,994
329,258,921
330,258,925
331,258,870
332,258,827
333,258,812
334,258,830
335,258,780
336,258,789
337,258,779
338,258,784
339,258,791
340,258,766
341,258,783
342,258,758
343,258,771
344,258,765
345,258,775
346,258,770
347,258,766
348,258,767
349,258,766
350,258,762
351,258,765
352,258,760
353,258,770
354,258,763
355,258,754
356,258,766
357,258,765
358,258,778
359,258,780
360,258,774
361,258,777
362,258,787
363,258,765
364,258,772
365,258,756
366,258,767
367,258,760
368,258,766
369,258,752
370,258,762
371,258,763
372,258,746
373,258,773
374,258,755
375,258,768
376,258,761
377,258,759
378,258,762
379,258,754
380,258,774
381,258,749
382,258,766
383,258,757
384,258,779
385,258,770
386,258,763
387,258,782
388,258,777
63,259,763
64,259,761
65,259,766
66,259,764
67,259,766
68,259,762
69,259,761
70,259,773
71,259,758
72,259,770
73,259,761
74,259,770
75,259,760
76,259,771
77,259,760
78,259,772
79,259,758
80,259,778
81,259,794
82,259,790
83,259,777
84,259,794
85,259,773
86,259,771
87,259,771
88,259,777
89,259,774
90,259,767
91,259,762
92,259,770
93,259,775
94,259,761
95,259,773
96,259,758
97,259,769
98,259,768
99,259,761
100,259,772
101,259,757
102,259,787
103,259,765
104,259,781
105,259,755
106,259,777
107,259,765
108,259,775
109,259,759
110,259,765
111,259,757
112,259,766
113,259,772
114,259,761
115,259,774
116,259,772
117,259,772
118,259,758
119,259,765
120,259,769
121,259,760
122,259,769
123,259,752
124,259,767
125,259,767
126,259,771
127,259,769
128,259,764
129,259,759
130,259,767
131,259,784
132,259,771
133,259,780
134,259,764
135,259,768
136,259,769
137,259,756
138,259,777
139,259,759
140,259,769
141,259,765
142,259,762
143,259,774
144,259,770
145,259,787
146,259,757
147,259,775
148,259,763
149,259,773
150,259,777
151,259,755
152,259,773
153,259,763
154,259,765
155,259,769
156,259,774
157,259,774
158,259,771
159,259,768
160,259,769
161,259,764
162,259,769
163,259,766
164,259,768
165,259,764
166,259,758
167,259,772
168,259,762
169,259,774
170,259,772
171,259,769
172,259,778
173,259,764
174,259,764
175,259,762
176,259,771
177,259,764
178,259,776
179,259,759
180,259,779
181,259,785
182,259,763
183,259,779
184,259,755
185,259,779
186,259,767
187,259,777
188,259,773
189,259,750
190,259,771
191,259,757
192,259,765
193,259,772
194,259,763
195,259,765
196,259,759
197,259,770
198,259,773
199,259,760
200,259,765
201,259,768
202,259,764
203,259,780
204,259,762
205,259,772
206,259,768
207,259,766
208,259,774
209,259,767
210,259,781
211,259,770
212,259,771
213,259,791
214,259,789
215,259,786
216,259,801
217,259,789
218,259,783
219,259,775
220,259,779
221,259,770
222,259,790
223,259,780
224,259,780
225,259,781
226,259,764
227,259,778
228,259,765
229,259,777
230,259,781
231,259,765
232,259,775
233,259,762
234,259,778
235,259,769
236,259,769
237,259,775
238,259,763
239,259,782
240,259,775
241,259,776
242,259,798
243,259,768
244,259,766
245,259,775
246,259,761
247,259,773
248,259,771
249,259,769
250,259,775
251,259,766
252,259,785
253,259,769
254,259,782
255,259,786
256,259,772
257,259,787
258,259,774
259,259,782
260,259,795
261,259,775
262,259,797
263,259,764
264,259,778
265,259,782
266,259,782
267,259,793
268,259,773
269,259,790
270,259,784
271,259,832
272,259,831
273,259,837
274,259,879
275,259,879
276,259,879
277,259,901
278,259,984
279,259,1068
280,259,1167
281,259,1341
282,259,1387
283,259,1450
284,259,1584
285,259,1781
286,259,1999
287,259,2383
288,259,2704
289,259,3296
290,259,3781
291,259,4233
292,259,4504
293,259,5014
294,259,5393
295,259,5773
296,259,6262
297,259,6786
298,259,7194
299,259,7520
300,259,7520
301,259,7756
302,259,8164
303,259,8032
304,259,8311
305,259,8189
306,259,8202
307,259,8384
308,259,8468
309,259,8199
310,259,7974
311,259,7798
312,259,7389
313,259,7214
314,259,6890
315,259,6574
316,259,6061
317,259,5715
318,259,5240
319,259,4596
320,259,4045
321,259,3467
322,259,2884
323,259,2380
324,259,2040
325,259,1670
326,259,1401
327,259,1178
328,259,1036
329,259,1003
330,259,902
331,259,913
332,259,848
333,259,837
334,259,792
335,259,791
336,259,785
337,259,789
338,259,778
339,259,770
340,259,778
341,259,773
342,259,790
343,259,762
344,259,759
345,259,769
346,259,757
347,259,764
348,259,758
349,259,769
350,259,779
351,259,750
352,259,767
353,259,760
354,259,766
355,259,765
356,259,762
357,259,781
358,259,793
359,259,817
360,259,808
361,259,819
362,259,812
363,259,786
364,259,778
365,259,764
366,259,768
367,259,762
368,259,773
369,259,765
370,259,758
371,259,757
372,259,760
373,259,767
374,259,767
375,259,766
376,259,754
377,259,769
378,259,766
379,259,780
380,259,753
381,259,768
382,259,767
383,259,766
384,259,783
385,259,757
386,259,777
387,259,772
64,260,759
65,260,772
66,260,763
67,260,774
68,260,765
69,260,763
70,260,761
71,260,761
72,260,762
73,260,754
74,260,762
75,260,761
76,260,776
77,260,746
78,260,769
79,260,766
80,260,781
81,260,767
82,260,785
83,260,772
84,260,765
85,260,771
86,260,758
87,260,765
88,260,754
89,260,763
90,260,767
91,260,763
92,260,767
93,260,767
94,260,786
95,260,769
96,260,766
97,260,769
98,260,768
99,260,777
100,260,757
101,260,771
102,260,759
103,260,770
104,260,767
105,260,760
106,260,771
107,260,762
108,260,780
109,260,762
110,260,775
111,260,753
112,260,764
113,260,767
114,260,757
115,260,775
116,260,754
117,260,783
118,260,756
119,260,769
120,260,763
121,260,764
122,260,772
123,260,765
124,260,761
125,260,761
126,260,770
127,260,762
128,260,779
129,260,761
130,260,764
131,260,780
132,260,761
133,260,772
134,260,761
135,260,770
136,260,762
137,260,767
138,260,774
139,260,757
140,260,768
141,260,758
142,260,763
143,260,760
144,260,766
145,260,766
146,260,768
147,260,770
148,260,763
149,260,767
150,260,768
151,260,761
152,260,767
153,260,759
154,260,763
155,260,755
156,260,773
157,260,766
158,260,748
159,260,766
160,260,762
161,260,770
162,260,762
163,260,754
164,260,765
165,260,758
166,260,769
167,260,757
168,260,769
169,260,765
170,260,763
171,260,772
172,260,755
173,260,761
174,260,754
175,260,756
176,260,759
177,260,758
178,260,768
179,260,760
180,260,771
181,260,764
182,260,773
183,260,768
184,260,765
185,260,771
186,260,764
187,260,775
188,260,768
189,260,767
190,260,763
191,260,772
192,260,773
193,260,757
194,260,764
195,260,762
196,260,766
197,260,767
198,260,762
199,260,761
200,260,763
201,260,754
202,260,768
203,260,767
204,260,763
205,260,785
206,260,765
207,260,768
208,260,754
209,260,767
210,260,768
211,260,771
212,260,789
213,260,793
214,260,813
215,260,801
216,260,797
217,260,804
218,260,779
219,260,786
220,260,796
221,260,778
222,260,792
223,260,799
224,260,767
225,260,756
226,260,764
227,260,762
228,260,773
229,260,778
230,260,767
231,260,773
232,260,772
233,260,764
234,260,766
235,260,771
236,260,765
237,260,769
238,260,758
239,260,762
240,260,771
241,260,770
242,260,776
243,260,768
244,260,767
245,260,764
246,260,779
247,260,772
248,260,763
249,260,780
250,260,760
251,260,774
252,260,770
253,260,765
254,260,781
255,260,770
256,260,776
257,260,786
258,260,763
259,260,786
260,260,783
261,260,770
262,260,788
263,260,781
264,260,802
265,260,779
266,260,784
267,260,789
268,260,771
269,260,792
270,260,786
271,260,809
272,260,842
273,260,829
274,260,856
275,260,888
276,260,905
277,260,973
278,260,1078
279,260,1196
280,260,1352
281,260,1511
282,260,1659
283,260,1687
284,260,1757
285,260,2021
286,260,2329
287,260,2697
288,260,3185
289,260,3653
290,260,4126
291,260,4626
292,260,5029
293,260,5502
294,260,5862
295,260,6292
296,260,6879
297,260,7323
298,260,7631
299,260,8098
300,260,8163
301,260,8317
302,260,8678
303,260,8990
304,260,8725
305,260,8872
306,260,9090
307,260,8834
308,260,8745
309,260,8374
310,260,8215
311,260,8215
312,260,8080
313,260,7927
314,260,7538
315,260,7050
316,260,6617
317,260,6286
318,260,5875
319,260,5393
320,260,4721
321,260,4141
322,260,3436
323,260,2942
324,260,2473
325,260,1983
326,260,1635
327,260,1369
328,260,1140
329,260,1010
330,260,937
331,260,887
332,260,836
333,260,837
334,260,809
335,260,790
336,260,800
337,260,770
338,260,797
339,260,771
340,260,770
341,260,771
342,260,779
343,260,772
344,260,768
345,260,765
346,260,767
347,260,765
348,260,755
349,260,776
350,260,751
351,260,767
352,260,746
353,260,764
354,260,766
355,260,751
356,260,774
357,260,747
358,260,795
359,260,819
360,260,812
361,260,815
362,260,789
363,260,788
364,260,775
365,260,767
366,260,761
367,260,752
368,260,760
369,260,747
370,260,761
371,260,759
372,260,747
373,260,754
374,260,748
375,260,764
376,260,743
377,260,775
378,260,754
379,260,756
380,260,757
381,260,754
382,260,774
383,260,759
384,260,767
385,260,766
386,260,776
387,260,766
64,261,756
65,261,760
66,261,760
67,261,767
68,261,759
69,261,772
70,261,763
71,261,779
72,261,749
73,261,780
74,261,765
75,261,771
76,261,763
77,261,770
78,261,768
79,261,776
80,261,766
81,261,767
82,261,771
83,261,763
84,261,774
85,261,768
86,261,767
87,261,766
88,261,763
89,261,771
90,261,764
91,261,772
92,261,765
93,261,767
94,261,757
95,261,765
96,261,762
97,261,769
98,261,762
99,261,774
100,261,763
101,261,771
102,261,765
103,261,774
104,261,754
105,261,767
106,261,749
107,261,772
108,261,757
109,261,771
110,261,771
111,261,769
112,261,778
113,261,760
114,261,780
115,261,746
116,261,772
117,261,772
118,261,773
119,261,769
120,261,770
121,261,774
122,261,760
123,261,781
124,261,765
125,261,775
126,261,759
127,261,765
128,261,776
129,261,758
130,261,776
131,261,770
132,261,778
133,261,773
134,261,763
135,261,777
136,261,765
137,261,781
138,261,765
139,261,765
140,261,766
141,261,752
142,261,765
143,261,764
144,261,768
145,261,766
146,261,784
147,261,762
148,261,771
149,261,770
150,261,771
151,261,769
152,261,761
153,261,767
154,261,762
155,261,767
156,261,759
157,261,762
158,261,778
159,261,768
160,261,772
161,261,762
162,261,771
163,261,767
164,261,762
165,261,775
166,261,751
167,261,768
168,261,770
169,261,766
170,261,780
171,261,756
172,261,765
173,261,773
174,261,762
175,261,766
176,261,753
177,261,769
178,261,767
179,261,761
180,261,777
181,261,753
182,261,783
183,261,758
184,261,762
185,261,782
186,261,750
187,261,777
188,261,762
189,261,764
190,261,779
191,261,763
192,261,776
193,261,758
194,261,780
195,261,776
196,261,773
197,261,772
198,261,766
199,261,762
200,261,771
201,261,770
202,261,766
203,261,780
204,261,766
205,261,768
206,261,772
207,261,772
208,261,778
209,261,769
210,261,791
211,261,772
212,261,796
213,261,800
214,261,818
215,261,820
216,261,822
217,261,824
218,261,823
219,261,825
220,261,809
221,261,839
222,261,814
223,261,788
224,261,798
225,261,769
226,261,780
227,261,765
228,261,773
229,261,780
230,261,768
231,261,793
232,261,772
233,261,780
234,261,776
235,261,765
236,261,777
237,261,757
238,261,760
239,261,757
240,261,763
241,261,766
242,261,772
243,261,771
244,261,762
245,261,775
246,261,759
247,261,775
248,261,765
249,261,771
250,261,776
251,261,783
252,261,771
253,261,770
254,261,785
255,261,783
256,261,781
257,261,786
258,261,786
259,261,774
260,261,773
261,261,792
262,261,782
263,261,784
264,261,779
265,261,793
266,261,784
267,261,784
268,261,808
269,261,805
270,261,806
271,261,821
272,261,831
273,261,875
274,261,926
275,261,962
276,261,963
277,261,981
278,261,1076
279,261,1234
280,261,1451
281,261,1757
282,261,1905
283,261,1941
284,261,2027
285,261,2288
286,261,2626
287,261,3143
288,261,3595
289,261,4188
290,261,4468
291,261,5077
292,261,5330
293,261,5862
294,261,6347
295,261,6946
296,261,7534
297,261,8215
298,261,8430
299,261,8732
300,261,8908
301,261,8859
302,261,8939
303,261,9264
304,261,9753
305,261,9695
306,261,9742
307,261,9742
308,261,9778
309,261,9094
310,261,9027
311,261,8953
312,261,8705
313,261,8198
314,261,8055
315,261,7759
316,261,7403
317,261,7005
318,261,6475
319,261,5994
320,261,5431
321,261,4649
322,261,3990
323,261,3536
324,261,2944
325,261,2433
326,261,1920
327,261,1480
328,261,1243
329,261,1074
330,261,963
331,261,922
332,261,851
333,261,840
334,261,839
335,261,818
336,261,782
337,261,789
338,261,784
339,261,778
340,261,786
341,261,768
342,261,781
343,261,763
344,261,779
345,261,775
346,261,767
347,261,766
348,261,769
349,261,767
350,261,758
351,261,783
352,261,760
353,261,771
354,261,757
355,261,775
356,261,769
357,261,779
358,261,786
359,261,812
360,261,810
361,261,836
362,261,841
363,261,822
364,261,818
365,261,782
366,261,770
367,261,779
368,261,782
369,261,765
370,261,764
371,261,765
372,261,763
373,261,750
374,261,771
375,261,754
376,261,769
377,261,754
378,261,765
379,261,772
380,261,757
381,261,776
382,261,757
383,261,767
384,261,761
385,261,770
386,261,775
387,261,780
65,262,766
66,262,766
67,262,764
68,262,762
69,262,775
70,262,773
71,262,774
72,262,765
73,262,761
74,262,757
75,262,769
76,262,766
77,262,764
78,262,770
79,262,765
80,262,763
81,262,768
82,262,772
83,262,775
84,262,766
85,262,772
86,262,771
87,262,762
88,262,756
89,262,763
90,262,768
91,262,770
92,262,767
93,262,766
94,262,767
95,262,758
96,262,773
97,262,763
98,262,764
99,262,759
100,262,756
101,262,770
102,262,762
103,262,767
104,262,768
105,262,780
106,262,751
107,262,769
108,262,758
109,262,770
110,262,761
111,262,772
112,262,780
113,262,775
114,262,773
115,262,763
116,262,767
117,262,752
118,262,777
119,262,766
120,262,781
121,262,764
122,262,778
123,262,768
124,262,772
125,262,777
126,262,767
127,262,770
128,262,766
129,262,767
130,262,770
131,262,772
132,262,777
133,262,766
134,262,767
135,262,767
136,262,760
137,262,777
138,262,759
139,262,780
140,262,755
141,262,770
142,262,762
143,262,765
144,262,769
145,262,755
146,262,783
147,262,756
148,262,777
149,262,763
150,262,765
151,262,770
152,262,770
153,262,765
154,262,766
155,262,765
156,262,763
157,262,768
158,262,761
159,262,768
160,262,762
161,262,766
162,262,754
163,262,764
164,262,768
165,262,768
166,262,774
167,262,766
168,262,761
169,262,770
170,262,773
171,262,767
172,262,766
173,262,773
174,262,784
175,262,767
176,262,770
177,262,782
178,262,763
179,262,775
180,262,756
181,262,779
182,262,781
183,262,755
184,262,778
185,262,751
186,262,777
187,262,781
188,262,802
189,262,795
190,262,792
191,262,789
192,262,783
193,262,780
194,262,785
195,262,767
196,262,770
197,262,777
198,262,774
199,262,784
200,262,764
201,262,775
202,262,766
203,262,769
204,262,778
205,262,769
206,262,765
207,262,762
208,262,773
209,262,770
210,262,780
211,262,769
212,262,778
213,262,800
214,262,835
215,262,831
216,262,822
217,262,826
218,262,836
219,262,803
220,262,842
221,262,852
222,262,828
223,262,815
224,262,777
225,262,795
226,262,768
227,262,762
228,262,778
229,262,766
230,262,772
231,262,781
232,262,760
233,262,787
234,262,758
235,262,777
236,262,779
237,262,760
238,262,791
239,262,763
240,262,764
241,262,789
242,262,769
243,262,779
244,262,760
245,262,770
246,262,770
247,262,773
248,262,782
249,262,766
250,262,775
251,262,776
252,262,761
253,262,768
254,262,776
255,262,767
256,262,779
257,262,773
258,262,778
259,262,786
260,262,765
261,262,775
262,262,777
263,262,770
264,262,779
265,262,769
266,262,777
267,262,777
268,262,793
269,262,787
270,262,793
271,262,802
272,262,865
273,262,931
274,262,996
275,262,1053
276,262,1033
277,262,1083
278,262,1126
279,262,1337
280,262,1652
281,262,1873
282,262,2119
283,262,2279
284,262,2403
285,262,2695
286,262,3136
287,262,3808
288,262,4068
289,262,4619
290,262,5009
291,262,5429
292,262,5759
293,262,6455
294,262,6927
295,262,7344
296,262,8281
297,262,8769
298,262,9198
299,262,9255
300,262,9521
301,262,9279
302,262,9525
303,262,9957
304,262,10069
305,262,10362
306,262,10069
307,262,10108
308,262,9908
309,262,9932
310,262,9504
311,262,9170
312,262,9195
313,262,8961
314,262,8530
315,262,8294
316,262,7810
317,262,7485
318,262,6879
319,262,6449
320,262,5841
321,262,5187
322,262,4325
323,262,3900
324,262,3332
325,262,2644
326,262,2191
327,262,1745
328,262,1336
329,262,1086
330,262,1026
331,262,947
332,262,909
333,262,847
334,262,854
335,262,801
336,262,806
337,262,794
338,262,792
339,262,787
340,262,780
341,262,783
342,262,770
343,262,777
344,262,768
345,262,767
346,262,772
347,262,767
348,262,770
349,262,760
350,262,771
351,262,774
352,262,769
353,262,763
354,262,767
355,262,781
356,262,770
357,262,752
358,262,764
359,262,774
360,262,798
361,262,814
362,262,841
363,262,836
364,262,818
365,262,808
366,262,776
367,262,782
368,262,772
369,262,775
370,262,766
371,262,772
372,262,754
373,262,774
374,262,766
375,262,771
376,262,760
377,262,772
378,262,759
379,262,763
380,262,768
381,262,761
382,262,756
383,262,766
384,262,770
385,262,772
386,262,769
387,262,785
65,263,768
66,263,768
67,263,768
68,263,764
69,263,773
70,263,758
71,263,771
72,263,761
73,263,770
74,263,764
75,263,774
76,263,766
77,263,770
78,263,765
79,263,765
80,263,776
81,263,762
82,263,766
83,263,764
84,263,769
85,263,766
86,263,763
87,263,768
88,263,768
89,263,767
90,263,761
91,263,769
92,263,760
93,263,767
94,263,764
95,263,775
96,263,759
97,263,777
98,263,771
99,263,771
100,263,780
101,263,752
102,263,776
103,263,753
104,263,775
105,263,762
106,263,768
107,263,767
108,263,767
109,263,773
110,263,761
111,263,771
112,263,750
113,263,766
114,263,767
115,263,773
116,263,769
117,263,762
118,263,762
119,263,761
120,263,758
121,263,755
122,263,761
123,263,755
124,263,765
125,263,771
126,263,756
127,263,767
128,263,759
129,263,763
130,263,761
131,263,769
132,263,757
133,263,773
134,263,762
135,263,780
136,263,777
137,263,762
138,263,773
139,263,755
140,263,770
141,263,757
142,263,776
143,263,765
144,263,765
145,263,777
146,263,770
147,263,767
148,263,778
149,263,763
150,263,776
151,263,779
152,263,768
153,263,773
154,263,758
155,263,778
156,263,756
157,263,778
158,263,764
159,263,766
160,263,775
161,263,761
162,263,780
163,263,768
164,263,778
165,263,767
166,263,768
167,263,765
168,263,762
169,263,763
170,263,758
171,263,777
172,263,757
173,263,765
174,263,762
175,263,759
176,263,760
177,263,764
178,263,766
179,263,762
180,263,777
181,263,758
182,263,772
183,263,777
184,263,774
185,263,766
186,263,777
187,263,792
188,263,811
189,263,821
190,263,811
191,263,813
192,263,767
193,263,794
194,263,771
195,263,789
196,263,779
197,263,766
198,263,800
199,263,769
200,263,783
201,263,761
202,263,755
203,263,775
204,263,759
205,263,774
206,263,765
207,263,774
208,263,774
209,263,766
210,263,773
211,263,768
212,263,782
213,263,780
214,263,816
215,263,828
216,263,841
217,263,841
218,263,832
219,263,835
220,263,852
221,263,839
222,263,813
223,263,816
224,263,793
225,263,775
226,263,775
227,263,775
228,263,773
229,263,771
230,263,772
231,263,768
232,263,778
233,263,765
234,263,755
235,263,782
236,263,752
237,263,783
238,263,765
239,263,774
240,263,778
241,263,759
242,263,800
243,263,759
244,263,784
245,263,780
246,263,770
247,263,782
248,263,774
249,263,794
250,263,787
251,263,774
252,263,777
253,263,768
254,263,772
255,263,784
256,263,784
257,263,784
258,263,781
259,263,781
260,263,782
261,263,772
262,263,786
263,263,782
264,263,771
265,263,789
266,263,777
267,263,796
268,263,790
269,263,784
270,263,808
271,263,795
272,263,874
273,263,949
274,263,1043
275,263,1087
276,263,1139
277,263,1110
278,263,1265
279,263,1475
280,263,1816
281,263,2092
282,263,2366
283,263,2620
284,263,2745
285,263,2945
286,263,3573
287,263,4204
288,263,4429
289,263,4913
290,263,5391
291,263,5869
292,263,6411
293,263,6888
294,263,7702
295,263,8402
296,263,9110
297,263,9344
298,263,9639
299,263,9699
300,263,10428
301,263,10422
302,263,10564
303,263,10573
304,263,10525
305,263,10795
306,263,10683
307,263,10402
308,263,10496
309,263,10232
310,263,10111
311,263,9841
312,263,9532
313,263,9349
314,263,9118
315,263,8521
316,263,8311
317,263,7899
318,263,7271
319,263,6743
320,263,6121
321,263,5474
322,263,4754
323,263,4122
324,263,3514
325,263,3065
326,263,2424
327,263,1866
328,263,1492
329,263,1257
330,263,1075
331,263,969
332,263,886
333,263,883
334,263,840
335,263,832
336,263,810
337,263,804
338,263,783
339,263,805
340,263,779
341,263,769
342,263,803
343,263,762
344,263,777
345,263,765
346,263,772
347,263,768
348,263,768
349,263,761
350,263,777
351,263,750
352,263,773
353,263,752
354,263,772
355,263,765
356,263,756
357,263,771
358,263,755
359,263,800
360,263,768
361,263,793
362,263,800
363,263,834
364,263,821
365,263,800
366,263,798
367,263,767
368,263,776
369,263,766
370,263,761
371,263,765
372,263,763
373,263,765
374,263,758
375,263,764
376,263,772
377,263,757
378,263,763
379,263,759
380,263,776
381,263,761
382,263,776
383,263,769
384,263,774
385,263,771
386,263,773
387,263,779
66,264,764
67,264,762
68,264,772
69,264,745
70,264,773
71,264,766
72,264,766
73,264,758
74,264,767
75,264,758
76,264,770
77,264,759
78,264,776
79,264,760
80,264,779
81,264,752
82,264,772
83,264,768
84,264,763
85,264,765
86,264,765
87,264,762
88,264,759
89,264,760
90,264,758
91,264,764
92,264,758
93,264,760
94,264,772
95,264,764
96,264,759
97,264,767
98,264,758
99,264,769
100,264,755
101,264,771
102,264,750
103,264,767
104,264,763
105,264,766
106,264,764
107,264,763
108,264,778
109,264,770
110,264,765
111,264,763
112,264,770
113,264,770
114,264,756
115,264,782
116,264,761
117,264,772
118,264,763
119,264,767
120,264,763
121,264,749
122,264,777
123,264,743
124,264,764
125,264,750
126,264,770
127,264,755
128,264,772
129,264,763
130,264,765
131,264,769
132,264,754
133,264,768
134,264,761
135,264,764
136,264,766
137,264,769
138,264,761
139,264,767
140,264,757
141,264,764
142,264,767
143,264,763
144,264,756
145,264,769
146,264,756
147,264,760
148,264,762
149,264,767
150,264,770
151,264,762
152,264,773
153,264,761
154,264,780
155,264,746
156,264,760
157,264,770
158,264,757
159,264,777
160,264,751
161,264,786
162,264,767
163,264,770
164,264,769
165,264,756
166,264,770
167,264,753
168,264,769
169,264,764
170,264,769
171,264,770
172,264,765
173,264,767
174,264,783
175,264,760
176,264,776
177,264,761
178,264,762
179,264,767
180,264,759
181,264,763
182,264,763
183,264,780
184,264,775
185,264,784
186,264,815
187,264,847
188,264,860
189,264,858
190,264,843
191,264,813
192,264,789
193,264,777
194,264,776
195,264,781
196,264,765
197,264,779
198,264,768
199,264,771
200,264,772
201,264,764
202,264,770
203,264,765
204,264,765
205,264,764
206,264,767
207,264,778
208,264,772
209,264,766
210,264,776
211,264,762
212,264,794
213,264,804
214,264,816
215,264,873
216,264,853
217,264,867
218,264,826
219,264,839
220,264,836
221,264,852
222,264,841
223,264,816
224,264,798
225,264,769
226,264,774
227,264,782
228,264,764
229,264,763
230,264,760
231,264,766
232,264,759
233,264,767
234,264,767
235,264,779
236,264,760
237,264,768
238,264,767
239,264,765
240,264,778
241,264,767
242,264,784
243,264,780
244,264,774
245,264,775
246,264,757
247,264,785
248,264,770
249,264,783
250,264,781
251,264,782
252,264,780
253,264,770
254,264,795
255,264,766
256,264,785
257,264,766
258,264,770
259,264,783
260,264,777
261,264,788
262,264,777
263,264,786
264,264,786
265,264,787
266,264,786
267,264,781
268,264,797
269,264,781
270,264,824
271,264,825
272,264,868
273,264,957
274,264,1085
275,264,1204
276,264,1290
277,264,1311
278,264,1378
279,264,1593
280,264,1963
281,264,2208
282,264,2472
283,264,2603
284,264,2899
285,264,3246
286,264,3919
287,264,4682
288,264,5081
289,264,5384
290,264,5991
291,264,6430
292,264,7104
293,264,7740
294,264,8140
295,264,8916
296,264,9425
297,264,10000
298,264,10322
299,264,10610
300,264,10599
301,264,10837
302,264,11049
303,264,11213
304,264,11315
305,264,11342
306,264,11208
307,264,11141
308,264,10898
309,264,10792
310,264,10414
311,264,9925
312,264,9835
313,264,9213
314,264,9203
315,264,8957
316,264,8707
317,264,8039
318,264,7675
319,264,7054
320,264,6479
321,264,5863
322,264,5141
323,264,4502
324,264,3806
325,264,3178
326,264,2667
327,264,2025
328,264,1524
329,264,1258
330,264,1107
331,264,995
332,264,938
333,264,926
334,264,865
335,264,836
336,264,809
337,264,801
338,264,787
339,264,769
340,264,778
341,264,778
342,264,781
343,264,766
344,264,769
345,264,766
346,264,778
347,264,769
348,264,767
349,264,774
350,264,779
351,264,771
352,264,765
353,264,763
354,264,776
355,264,764
356,264,778
357,264,772
358,264,774
359,264,775
360,264,770
361,264,783
362,264,780
363,264,787
364,264,811
365,264,794
366,264,796
367,264,767
368,264,787
369,264,756
370,264,774
371,264,749
372,264,768
373,264,774
374,264,750
375,264,778
376,264,757
377,264,772
378,264,753
379,264,780
380,264,754
381,264,773
382,264,763
383,264,755
384,264,758
385,264,765
386,264,768
67,265,766
68,265,764
69,265,765
70,265,765
71,265,755
72,265,772
73,265,766
74,265,767
75,265,755
76,265,770
77,265,763
78,265,770
79,265,767
80,265,775
81,265,772
82,265,786
83,265,761
84,265,781
85,265,758
86,265,776
87,265,754
88,265,779
89,265,759
90,265,784
91,265,753
92,265,779
93,265,767
94,265,784
95,265,777
96,265,765
97,265,768
98,265,774
99,265,769
100,265,769
101,265,770
102,265,776
103,265,760
104,265,780
105,265,766
106,265,770
107,265,758
108,265,765
109,265,760
110,265,767
111,265,765
112,265,775
113,265,759
114,265,760
115,265,768
116,265,763
117,265,767
118,265,767
119,265,769
120,265,753
121,265,769
122,265,760
123,265,770
124,265,762
125,265,766
126,265,767
127,265,771
128,265,767
129,265,766
130,265,777
131,265,765
132,265,766
133,265,769
134,265,761
135,265,785
136,265,756
137,265,779
138,265,763
139,265,761
140,265,774
141,265,769
142,265,770
143,265,760
144,265,780
145,265,759
146,265,776
147,265,763
148,265,775
149,265,772
150,265,752
151,265,764
152,265,768
153,265,765
154,265,761
155,265,755
156,265,763
157,265,772
158,265,761
159,265,770
160,265,766
161,265,772
162,265,767
163,265,775
164,265,758
165,265,763
166,265,774
167,265,761
168,265,784
169,265,759
170,265,777
171,265,744
172,265,771
173,265,771
174,265,749
175,265,790
176,265,762
177,265,771
178,265,767
179,265,763
180,265,780
181,265,754
182,265,769
183,265,765
184,265,774
185,265,793
186,265,834
187,265,881
188,265,892
189,265,880
190,265,851
191,265,817
192,265,783
193,265,793
194,265,777
195,265,774
196,265,762
197,265,783
198,265,781
199,265,757
200,265,780
201,265,764
202,265,784
203,265,760
204,265,772
205,265,772
206,265,765
207,265,772
208,265,748
209,265,781
210,265,757
211,265,770
212,265,783
213,265,771
214,265,845
215,265,827
216,265,877
217,265,848
218,265,837
219,265,858
220,265,848
221,265,849
222,265,848
223,265,833
224,265,811
225,265,780
226,265,766
227,265,766
228,265,765
229,265,775
230,265,764
231,265,767
232,265,770
233,265,759
234,265,774
235,265,763
236,265,775
237,265,775
238,265,763
239,265,801
240,265,779
241,265,791
242,265,782
243,265,791
244,265,785
245,265,773
246,265,793
247,265,781
248,265,788
249,265,794
250,265,776
251,265,783
252,265,784
253,265,775
254,265,776
255,265,781
256,265,784
257,265,788
258,265,784
259,265,788
260,265,784
261,265,787
262,265,771
263,265,777
264,265,779
265,265,775
266,265,785
267,265,786
268,265,801
269,265,808
270,265,813
271,265,874
272,265,883
273,265,1045
274,265,1173
275,265,1244
276,265,1297
277,265,1377
278,265,1501
279,265,1734
280,265,2006
281,265,2405
282,265,2502
283,265,2768
284,265,3132
285,265,3519
286,265,4165
287,265,4787
288,265,5370
289,265,5821
290,265,6317
291,265,7017
292,265,7672
293,265,8384
294,265,8927
295,265,9514
296,265,9967
297,265,10614
298,265,10788
299,265,11043
300,265,11284
301,265,11402
302,265,11412
303,265,11637
304,265,11503
305,265,11640
306,265,11718
307,265,11464
308,265,11173
309,265,11031
310,265,10806
311,265,10464
312,265,10380
313,265,9609
314,265,9461
315,265,9156
316,265,8741
317,265,8475
318,265,7925
319,265,7230
320,265,6649
321,265,6174
322,265,5405
323,265,4728
324,265,4157
325,265,3465
326,265,2984
327,265,2309
328,265,1777
329,265,1409
330,265,1179
331,265,1055
332,265,1004
333,265,951
334,265,874
335,265,854
336,265,803
337,265,812
338,265,777
339,265,798
340,265,774
341,265,777
342,265,781
343,265,768
344,265,779
345,265,766
346,265,772
347,265,772
348,265,772
349,265,770
350,265,754
351,265,762
352,265,769
353,265,755
354,265,765
355,265,757
356,265,761
357,265,759
358,265,772
359,265,771
360,265,756
361,265,776
362,265,778
363,265,774
364,265,758
365,265,788
366,265,770
367,265,779
368,265,754
369,265,771
370,265,773
371,265,757
372,265,767
373,265,757
374,265,763
375,265,745
376,265,770
377,265,757
378,265,762
379,265,783
380,265,764
381,265,773
382,265,771
383,265,771
384,265,758
385,265,754
386,265,768
67,266,768
68,266,761
69,266,763
70,266,758
71,266,777
72,266,761
73,266,768
74,266,755
75,266,783
76,266,756
77,266,767
78,266,761
79,266,773
80,266,756
81,266,775
82,266,764
83,266,765
84,266,747
85,266,774
86,266,763
87,266,767
88,266,781
89,266,763
90,266,763
91,266,764
92,266,779
93,266,751
94,266,776
95,266,760
96,266,775
97,266,762
98,266,756
99,266,775
100,266,763
101,266,774
102,266,763
103,266,783
104,266,750
105,266,781
106,266,752
107,266,777
108,266,769
109,266,772
110,266,765
111,266,767
112,266,763
113,266,765
114,266,773
115,266,769
116,266,757
117,266,777
118,266,769
119,266,764
120,266,763
121,266,766
122,266,765
123,266,769
124,266,766
125,266,776
126,266,753
127,266,766
128,266,763
129,266,760
130,266,768
131,266,751
132,266,781
133,266,751
134,266,783
135,266,755
136,266,771
137,266,766
138,266,771
139,266,780
140,266,766
141,266,783
142,266,758
143,266,780
144,266,771
145,266,760
146,266,773
147,266,766
148,266,772
149,266,770
150,266,770
151,266,776
152,266,749
153,266,764
154,266,762
155,266,764
156,266,782
157,266,751
158,266,783
159,266,751
160,266,768
161,266,767
162,266,755
163,266,777
164,266,750
165,266,772
166,266,755
167,266,766
168,266,757
169,266,765
170,266,775
171,266,762
172,266,762
173,266,760
174,266,762
175,266,766
176,266,769
177,266,776
178,266,770
179,266,772
180,266,760
181,266,764
182,266,761
183,266,766
184,266,783
185,266,801
186,266,822
187,266,879
188,266,920
189,266,915
190,266,848
191,266,839
192,266,782
193,266,760
194,266,791
195,266,760
196,266,775
197,266,764
198,266,774
199,266,777
200,266,760
201,266,777
202,266,764
203,266,767
204,266,786
205,266,768
206,266,773
207,266,771
208,266,765
209,266,780
210,266,766
211,266,794
212,266,796
213,266,783
214,266,820
215,266,817
216,266,852
217,266,854
218,266,834
219,266,845
220,266,813
221,266,858
222,266,818
223,266,812
224,266,822
225,266,794
226,266,804
227,266,772
228,266,782
229,266,761
230,266,772
231,266,773
232,266,766
233,266,775
234,266,771
235,266,779
236,266,780
237,266,782
238,266,783
239,266,779
240,266,774
241,266,800
242,266,788
243,266,793
244,266,804
245,266,807
246,266,819
247,266,789
248,266,796
249,266,795
250,266,767
251,266,797
252,266,761
253,266,790
254,266,781
255,266,780
256,266,797
257,266,764
258,266,792
259,266,765
260,266,785
261,266,787
262,266,759
263,266,782
264,266,778
265,266,780
266,266,782
267,266,792
268,266,795
269,266,795
270,266,816
271,266,856
272,266,920
273,266,1041
274,266,1141
275,266,1314
276,266,1287
277,266,1379
278,266,1547
279,266,1736
280,266,2003
281,266,2273
282,266,2611
283,266,2808
284,266,3241
285,266,3712
286,266,4394
287,266,5179
288,266,5784
289,266,6200
290,266,6980
291,266,7364
292,266,7962
293,266,8748
294,266,9506
295,266,10040
296,266,10407
297,266,10986
298,266,11373
299,266,11432
300,266,11598
301,266,11800
302,266,11882
303,266,11930
304,266,12030
305,266,11950
306,266,11757
307,266,11814
308,266,11725
309,266,11666
310,266,11144
311,266,10611
312,266,10466
313,266,10186
314,266,9668
315,266,9412
316,266,8961
317,266,8669
318,266,8111
319,266,7660
320,266,7007
321,266,6406
322,266,5703
323,266,4918
324,266,4443
325,266,3750
326,266,3061
327,266,2491
328,266,1939
329,266,1650
330,266,1387
331,266,1121
332,266,1011
333,266,991
334,266,926
335,266,868
336,266,815
337,266,799
338,266,792
339,266,801
340,266,767
341,266,799
342,266,769
343,266,775
344,266,771
345,266,758
346,266,779
347,266,762
348,266,780
349,266,769
350,266,770
351,266,769
352,266,756
353,266,767
354,266,756
355,266,770
356,266,759
357,266,760
358,266,768
359,266,762
360,266,765
361,266,775
362,266,762
363,266,773
364,266,771
365,266,779
366,266,767
367,266,757
368,266,767
369,266,760
370,266,768
371,266,758
372,266,771
373,266,752
374,266,772
375,266,753
376,266,772
377,266,760
378,266,756
379,266,758
380,266,759
381,266,765
382,266,758
383,266,777
384,266,754
385,266,785
386,266,748
68,267,775
69,267,756
70,267,780
71,267,759
72,267,773
73,267,761
74,267,772
75,267,763
76,267,769
77,267,766
78,267,759
79,267,768
80,267,766
81,267,779
82,267,764
83,267,787
84,267,758
85,267,770
86,267,769
87,267,781
88,267,761
89,267,768
90,267,768
91,267,766
92,267,770
93,267,761
94,267,758
95,267,755
96,267,777
97,267,760
98,267,764
99,267,762
100,267,770
101,267,765
102,267,767
103,267,767
104,267,765
105,267,767
106,267,765
107,267,781
108,267,760
109,267,772
110,267,754
111,267,774
112,267,765
113,267,769
114,267,768
115,267,755
116,267,778
117,267,761
118,267,774
119,267,758
120,267,776
121,267,758
122,267,770
123,267,768
124,267,765
125,267,766
126,267,763
127,267,769
128,267,763
129,267,767
130,267,770
131,267,752
132,267,771
133,267,757
134,267,771
135,267,756
136,267,760
137,267,764
138,267,765
139,267,770
140,267,755
141,267,767
142,267,748
143,267,768
144,267,755
145,267,760
146,267,774
147,267,746
148,267,781
149,267,738
150,267,775
151,267,762
152,267,767
153,267,770
154,267,759
155,267,775
156,267,762
157,267,783
158,267,766
159,267,760
160,267,769
161,267,764
162,267,771
163,267,764
164,267,764
165,267,786
166,267,767
167,267,777
168,267,757
169,267,764
170,267,786
171,267,753
172,267,779
173,267,759
174,267,780
175,267,767
176,267,761
177,267,775
178,267,762
179,267,785
180,267,751
181,267,767
182,267,775
183,267,772
184,267,791
185,267,802
186,267,836
187,267,850
188,267,895
189,267,886
190,267,840
191,267,798
192,267,774
193,267,792
194,267,770
195,267,783
196,267,783
197,267,770
198,267,779
199,267,781
200,267,769
201,267,789
202,267,771
203,267,780
204,267,781
205,267,767
206,267,791
207,267,762
208,267,784
209,267,771
210,267,762
211,267,786
212,267,754
213,267,795
214,267,787
215,267,814
216,267,841
217,267,824
218,267,822
219,267,798
220,267,800
221,267,794
222,267,813
223,267,802
224,267,781
225,267,795
226,267,777
227,267,774
228,267,765
229,267,774
230,267,756
231,267,779
232,267,761
233,267,763
234,267,769
235,267,754
236,267,783
237,267,768
238,267,781
239,267,781
240,267,778
241,267,791
242,267,801
243,267,794
244,267,819
245,267,793
246,267,793
247,267,798
248,267,787
249,267,755
250,267,774
251,267,771
252,267,775
253,267,771
254,267,771
255,267,776
256,267,773
257,267,781
258,267,789
259,267,783
260,267,800
261,267,775
262,267,773
263,267,780
264,267,778
265,267,795
266,267,783
267,267,793
268,267,818
269,267,814
270,267,841
271,267,873
272,267,933
273,267,1017
274,267,1124
275,267,1216
276,267,1299
277,267,1357
278,267,1430
279,267,1580
280,267,1902
281,267,2233
282,267,2542
283,267,2982
284,267,3423
285,267,4014
286,267,4531
287,267,5144
288,267,5946
289,267,6335
290,267,6928
291,267,7701
292,267,8049
293,267,8696
294,267,9489
295,267,10069
296,267,10533
297,267,11233
298,267,11699
299,267,11848
300,267,11964
301,267,12264
302,267,12530
303,267,12349
304,267,12485
305,267,12370
306,267,12188
307,267,12366
308,267,12000
309,267,11455
310,267,11535
311,267,11009
312,267,10962
313,267,10458
314,267,10067
315,267,9943
316,267,9437
317,267,8902
318,267,8582
319,267,8124
320,267,7387
321,267,6601
322,267,6038
323,267,5312
324,267,4607
325,267,3902
326,267,3334
327,267,2760
328,267,2268
329,267,1881
330,267,1470
331,267,1203
332,267,1095
333,267,945
334,267,919
335,267,874
336,267,866
337,267,808
338,267,815
339,267,790
340,267,777
341,267,794
342,267,746
343,267,779
344,267,758
345,267,780
346,267,768
347,267,769
348,267,773
349,267,764
350,267,771
351,267,761
352,267,776
353,267,768
354,267,761
355,267,767
356,267,762
357,267,764
358,267,770
359,267,767
360,267,786
361,267,764
362,267,776
363,267,772
364,267,786
365,267,756
366,267,767
367,267,775
368,267,769
369,267,776
370,267,744
371,267,779
372,267,758
373,267,764
374,267,777
375,267,767
376,267,772
377,267,755
378,267,777
379,267,763
380,267,766
381,267,761
382,267,766
383,267,774
384,267,765
385,267,769
386,267,767
68,268,767
69,268,755
70,268,766
71,268,753
72,268,778
73,268,750
74,268,763
75,268,754
76,268,767
77,268,761
78,268,769
79,268,770
80,268,775
81,268,761
82,268,771
83,268,765
84,268,768
85,268,782
86,268,770
87,268,778
88,268,782
89,268,779
90,268,767
91,268,772
92,268,765
93,268,760
94,268,761
95,268,754
96,268,783
97,268,751
98,268,778
99,268,751
100,268,773
101,268,752
102,268,777
103,268,752
104,268,767
105,268,756
106,268,758
107,268,760
108,268,762
109,268,760
110,268,763
111,268,762
112,268,770
113,268,764
114,268,758
115,268,778
116,268,751
117,268,780
118,268,770
119,268,772
120,268,762
121,268,759
122,268,771
123,268,772
124,268,761
125,268,768
126,268,755
127,268,776
128,268,757
129,268,778
130,268,749
131,268,773
132,268,759
133,268,768
134,268,775
135,268,755
136,268,782
137,268,757
138,268,777
139,268,754
140,268,777
141,268,761
142,268,760
143,268,775
144,268,755
145,268,770
146,268,760
147,268,762
148,268,766
149,268,761
150,268,776
151,268,768
152,268,768
153,268,765
154,268,755
155,268,770
156,268,761
157,268,773
158,268,771
159,268,771
160,268,762
161,268,764
162,268,765
163,268,758
164,268,774
165,268,751
166,268,765
167,268,760
168,268,763
169,268,769
170,268,756
171,268,773
172,268,760
173,268,773
174,268,764
175,268,767
176,268,779
177,268,768
178,268,764
179,268,768
180,268,763
181,268,773
182,268,761
183,268,777
184,268,783
185,268,788
186,268,838
187,268,831
188,268,841
189,268,834
190,268,803
191,268,810
192,268,767
193,268,796
194,268,767
195,268,785
196,268,785
197,268,764
198,268,783
199,268,761
200,268,763
201,268,763
202,268,768
203,268,780
204,268,777
205,268,786
206,268,774
207,268,772
208,268,762
209,268,775
210,268,776
211,268,762
212,268,768
213,268,767
214,268,784
215,268,805
216,268,799
217,268,781
218,268,780
219,268,766
220,268,789
221,268,770
222,268,779
223,268,818
224,268,772
225,268,791
226,268,772
227,268,778
228,268,766
229,268,752
230,268,790
231,268,766
232,268,787
233,268,773
234,268,771
235,268,789
236,268,766
237,268,774
238,268,778
239,268,780
240,268,800
241,268,816
242,268,836
243,268,821
244,268,845
245,268,842
246,268,819
247,268,813
248,268,815
249,268,764
250,268,783
251,268,771
252,268,776
253,268,770
254,268,764
255,268,783
256,268,761
257,268,788
258,268,778
259,268,760
260,268,787
261,268,759
262,268,782
263,268,765
264,268,774
265,268,799
266,268,768
267,268,806
268,268,772
269,268,815
270,268,827
271,268,851
272,268,880
273,268,940
274,268,1025
275,268,1092
276,268,1191
277,268,1283
278,268,1381
279,268,1498
280,268,1764
281,268,2105
282,268,2563
283,268,2998
284,268,3451
285,268,4018
286,268,4646
287,268,5331
288,268,6057
289,268,6537
290,268,7286
291,268,7780
292,268,8280
293,268,8976
294,268,9607
295,268,10289
296,268,10788
297,268,11357
298,268,11941
299,268,12280
300,268,12404
301,268,12600
302,268,12823
303,268,12892
304,268,13100
305,268,12892
306,268,12702
307,268,12784
308,268,12395
309,268,12109
310,268,11839
311,268,11737
312,268,11407
313,268,11194
314,268,10966
315,268,10266
316,268,9902
317,268,9486
318,268,8973
319,268,8285
320,268,7645
321,268,6992
322,268,6234
323,268,5527
324,268,4762
325,268,4076
326,268,3561
327,268,2893
328,268,2440
329,268,1941
330,268,1534
331,268,1250
332,268,1084
333,268,1011
334,268,912
335,268,863
336,268,857
337,268,828
338,268,821
339,268,791
340,268,769
341,268,781
342,268,752
343,268,780
344,268,752
345,268,777
346,268,758
347,268,754
348,268,770
349,268,749
350,268,774
351,268,746
352,268,767
353,268,756
354,268,760
355,268,766
356,268,759
357,268,762
358,268,755
359,268,772
360,268,753
361,268,775
362,268,745
363,268,768
364,268,762
365,268,772
366,268,772
367,268,754
368,268,770
369,268,762
370,268,763
371,268,774
372,268,760
373,268,777
374,268,763
375,268,768
376,268,758
377,268,772
378,268,776
379,268,753
380,268,783
381,268,756
382,268,790
383,268,751
384,268,772
385,268,762
69,269,758
70,269,772
71,269,770
72,269,771
73,269,767
74,269,756
75,269,769
76,269,768
77,269,763
78,269,783
79,269,762
80,269,763
81,269,758
82,269,763
83,269,764
84,269,771
85,269,771
86,269,760
87,269,769
88,269,773
89,269,765
90,269,757
91,269,775
92,269,756
93,269,774
94,269,750
95,269,778
96,269,754
97,269,765
98,269,762
99,269,763
100,269,764
101,269,767
102,269,764
103,269,769
104,269,764
105,269,767
106,269,758
107,269,763
108,269,764
109,269,758
110,269,757
111,269,769
112,269,766
113,269,771
114,269,759
115,269,766
116,269,764
117,269,769
118,269,758
119,269,764
120,269,764
121,269,760
122,269,763
123,269,764
124,269,770
125,269,767
126,269,775
127,269,749
128,269,769
129,269,762
130,269,761
131,269,764
132,269,758
133,269,774
134,269,764
135,269,768
136,269,762
137,269,763
138,269,779
139,269,753
140,269,777
141,269,754
142,269,772
143,269,771
144,269,750
145,269,780
146,269,757
147,269,778
148,269,765
149,269,770
150,269,770
151,269,752
152,269,783
153,269,757
154,269,785
155,269,760
156,269,777
157,269,777
158,269,758
159,269,768
160,269,768
161,269,766
162,269,761
163,269,767
164,269,770
165,269,771
166,269,762
167,269,776
168,269,761
169,269,780
170,269,763
171,269,767
172,269,766
173,269,754
174,269,770
175,269,755
176,269,770
177,269,752
178,269,766
179,269,747
180,269,769
181,269,771
182,269,772
183,269,782
184,269,773
185,269,799
186,269,795
187,269,815
188,269,825
189,269,812
190,269,816
191,269,802
192,269,802
193,269,788
194,269,788
195,269,800
196,269,793
197,269,800
198,269,782
199,269,777
200,269,775
201,269,769
202,269,765
203,269,779
204,269,768
205,269,791
206,269,772
207,269,778
208,269,789
209,269,772
210,269,782
211,269,764
212,269,768
213,269,779
214,269,766
215,269,794
216,269,772
217,269,777
218,269,765
219,269,780
220,269,779
221,269,763
222,269,770
223,269,769
224,269,774
225,269,780
226,269,766
227,269,769
228,269,768
229,269,767
230,269,771
231,269,768
232,269,773
233,269,758
234,269,765
235,269,764
236,269,765
237,269,777
238,269,767
239,269,783
240,269,802
241,269,806
242,269,849
243,269,833
244,269,810
245,269,839
246,269,802
247,269,824
248,269,789
249,269,798
250,269,778
251,269,774
252,269,786
253,269,772
254,269,780
255,269,766
256,269,778
257,269,777
258,269,783
259,269,785
260,269,780
261,269,782
262,269,786
263,269,779
264,269,788
265,269,791
266,269,780
267,269,805
268,269,790
269,269,798
270,269,830
271,269,839
272,269,869
273,269,879
274,269,917
275,269,964
276,269,1077
277,269,1183
278,269,1254
279,269,1497
280,269,1639
281,269,1987
282,269,2434
283,269,2841
284,269,3419
285,269,3934
286,269,4614
287,269,5477
288,269,6038
289,269,6692
290,269,7404
291,269,8104
292,269,8665
293,269,8959
294,269,10077
295,269,10386
296,269,10886
297,269,11463
298,269,11848
299,269,12362
300,269,12680
301,269,13058
302,269,13186
303,269,13023
304,269,13456
305,269,13251
306,269,13029
307,269,13058
308,269,12992
309,269,12783
310,269,12645
311,269,12124
312,269,11828
313,269,11736
314,269,11305
315,269,10880
316,269,10393
317,269,9714
318,269,9145
319,269,8604
320,269,7799
321,269,7197
322,269,6331
323,269,5605
324,269,4751
325,269,4209
326,269,3470
327,269,2992
328,269,2403
329,269,1894
330,269,1536
331,269,1215
332,269,1036
333,269,960
334,269,923
335,269,850
336,269,845
337,269,794
338,269,779
339,269,776
340,269,784
341,269,753
342,269,779
343,269,761
344,269,760
345,269,766
346,269,760
347,269,786
348,269,755
349,269,770
350,269,751
351,269,748
352,269,761
353,269,750
354,269,767
355,269,761
356,269,765
357,269,760
358,269,762
359,269,763
360,269,757
361,269,761
362,269,759
363,269,774
364,269,760
365,269,764
366,269,756
367,269,760
368,269,766
369,269,752
370,269,762
371,269,750
372,269,753
373,269,755
374,269,758
375,269,762
376,269,755
377,269,771
378,269,752
379,269,770
380,269,764
381,269,762
382,269,763
383,269,771
384,269,757
385,269,758
69,270,764
70,270,759
71,270,757
72,270,769
73,270,762
74,270,769
75,270,763
76,270,786
77,270,760
78,270,776
79,270,754
80,270,776
81,270,748
82,270,783
83,270,749
84,270,773
85,270,745
86,270,772
87,270,760
88,270,769
89,270,761
90,270,759
91,270,769
92,270,764
93,270,759
94,270,766
95,270,753
96,270,770
97,270,763
98,270,762
99,270,770
100,270,769
101,270,771
102,270,760
103,270,768
104,270,762
105,270,761
106,270,756
107,270,752
108,270,772
109,270,748
110,270,769
111,270,760
112,270,773
113,270,751
114,270,770
115,270,760
116,270,768
117,270,769
118,270,760
119,270,762
120,270,760
121,270,769
122,270,767
123,270,760
124,270,763
125,270,752
126,270,775
127,270,757
128,270,779
129,270,771
130,270,764
131,270,766
132,270,756
133,270,776
134,270,763
135,270,775
136,270,761
137,270,767
138,270,767
139,270,765
140,270,767
141,270,754
142,270,771
143,270,761
144,270,771
145,270,766
146,270,763
147,270,762
148,270,760
149,270,759
150,270,762
151,270,770
152,270,757
153,270,744
154,270,770
155,270,754
156,270,771
157,270,762
158,270,764
159,270,765
160,270,741
161,270,770
162,270,770
163,270,773
164,270,752
165,270,771
166,270,772
167,270,765
168,270,773
169,270,755
170,270,771
171,270,765
172,270,772
173,270,764
174,270,773
175,270,777
176,270,768
177,270,772
178,270,761
179,270,754
180,270,773
181,270,764
182,270,774
183,270,783
184,270,789
185,270,798
186,270,819
187,270,819
188,270,832
189,270,815
190,270,814
191,270,816
192,270,828
193,270,800
194,270,799
195,270,829
196,270,827
197,270,834
198,270,793
199,270,794
200,270,780
201,270,753
202,270,775
203,270,749
204,270,771
205,270,771
206,270,776
207,270,771
208,270,758
209,270,773
210,270,771
211,270,766
212,270,776
213,270,766
214,270,790
215,270,797
216,270,778
217,270,775
218,270,770
219,270,776
220,270,787
221,270,763
222,270,782
223,270,775
224,270,772
225,270,776
226,270,758
227,270,763
228,270,763
229,270,786
230,270,769
231,270,776
232,270,774
233,270,768
234,270,777
235,270,764
236,270,782
237,270,784
238,270,782
239,270,811
240,270,807
241,270,822
242,270,815
243,270,820
244,270,812
245,270,798
246,270,798
247,270,782
248,270,800
249,270,779
250,270,784
251,270,785
252,270,779
253,270,760
254,270,792
255,270,758
256,270,787
257,270,786
258,270,788
259,270,798
260,270,761
261,270,786
262,270,788
263,270,774
264,270,801
265,270,771
266,270,775
267,270,774
268,270,796
269,270,799
270,270,796
271,270,818
272,270,822
273,270,868
274,270,897
275,270,930
276,270,982
277,270,1099
278,270,1251
279,270,1484
280,270,1695
281,270,1939
282,270,2254
283,270,2712
284,270,3317
285,270,3828
286,270,4717
287,270,5466
288,270,6080
289,270,6823
290,270,7531
291,270,8083
292,270,8749
293,270,9590
294,270,9872
295,270,10445
296,270,11033
297,270,11664
298,270,12264
299,270,12551
300,270,13000
301,270,12982
302,270,13428
303,270,13439
304,270,13632
305,270,13435
306,270,13739
307,270,13573
308,270,13176
309,270,13243
310,270,13118
311,270,12899
312,270,12514
313,270,12064
314,270,11956
315,270,11184
316,270,10841
317,270,10062
318,270,9451
319,270,8855
320,270,8116
321,270,7487
322,270,6404
323,270,5963
324,270,4834
325,270,4482
326,270,3716
327,270,3114
328,270,2375
329,270,1848
330,270,1461
331,270,1245
332,270,1110
333,270,1030
334,270,956
335,270,870
336,270,863
337,270,817
338,270,804
339,270,794
340,270,794
341,270,771
342,270,768
343,270,764
344,270,759
345,270,767
346,270,756
347,270,761
348,270,767
349,270,770
350,270,770
351,270,765
352,270,757
353,270,761
354,270,758
355,270,755
356,270,771
357,270,746
358,270,775
359,270,758
360,270,772
361,270,762
362,270,755
363,270,771
364,270,743
365,270,770
366,270,758
367,270,775
368,270,762
369,270,758
370,270,768
371,270,759
372,270,760
373,270,753
374,270,759
375,270,765
376,270,754
377,270,762
378,270,750
379,270,757
380,270,756
381,270,757
382,270,752
383,270,756
384,270,761
385,270,751
70,271,756
71,271,766
72,271,773
73,271,783
74,271,754
75,271,766
76,271,756
77,271,770
78,271,763
79,271,775
80,271,759
81,271,763
82,271,772
83,271,766
84,271,786
85,271,769
86,271,783
87,271,757
88,271,780
89,271,772
90,271,769
91,271,760
92,271,775
93,271,753
94,271,775
95,271,771
96,271,761
97,271,766
98,271,772
99,271,786
100,271,771
101,271,762
102,271,765
103,271,763
104,271,773
105,271,769
106,271,767
107,271,760
108,271,766
109,271,770
110,271,767
111,271,756
112,271,762
113,271,772
114,271,775
115,271,760
116,271,760
117,271,775
118,271,763
119,271,779
120,271,766
121,271,776
122,271,755
123,271,776
124,271,756
125,271,782
126,271,768
127,271,769
128,271,775
129,271,764
130,271,775
131,271,752
132,271,767
133,271,756
134,271,775
135,271,767
136,271,766
137,271,767
138,271,757
139,271,766
140,271,768
141,271,763
142,271,783
143,271,770
144,271,771
145,271,758
146,271,766
147,271,778
148,271,762
149,271,777
150,271,752
151,271,775
152,271,763
153,271,761
154,271,767
155,271,764
156,271,763
157,271,749
158,271,769
159,271,759
160,271,765
161,271,755
162,271,771
163,271,761
164,271,757
165,271,772
166,271,752
167,271,775
168,271,762
169,271,764
170,271,768
171,271,751
172,271,769
173,271,761
174,271,769
175,271,766
176,271,765
177,271,775
178,271,766
179,271,779
180,271,767
181,271,766
182,271,788
183,271,765
184,271,782
185,271,786
186,271,795
187,271,823
188,271,804
189,271,842
190,271,834
191,271,824
192,271,841
193,271,822
194,271,837
195,271,839
196,271,856
197,271,857
198,271,805
199,271,788
200,271,778
201,271,766
202,271,773
203,271,771
204,271,767
205,271,774
206,271,773
207,271,771
208,271,766
209,271,782
210,271,777
211,271,769
212,271,763
213,271,773
214,271,782
215,271,777
216,271,785
217,271,773
218,271,778
219,271,775
220,271,780
221,271,777
222,271,769
223,271,780
224,271,769
225,271,780
226,271,788
227,271,759
228,271,773
229,271,769
230,271,767
231,271,771
232,271,778
233,271,768
234,271,778
235,271,779
236,271,790
237,271,787
238,271,783
239,271,792
240,271,795
241,271,811
242,271,802
243,271,805
244,271,801
245,271,801
246,271,786
247,271,778
248,271,803
249,271,786
250,271,789
251,271,794
252,271,761
253,271,766
254,271,774
255,271,765
256,271,781
257,271,777
258,271,779
259,271,782
260,271,774
261,271,777
262,271,777
263,271,775
264,271,784
265,271,791
266,271,785
267,271,780
268,271,806
269,271,797
270,271,799
271,271,838
272,271,859
273,271,872
274,271,868
275,271,917
276,271,1010
277,271,1060
278,271,1242
279,271,1381
280,271,1623
281,271,1898
282,271,2183
283,271,2550
284,271,3115
285,271,3930
286,271,4713
287,271,5244
288,271,5943
289,271,6712
290,271,7452
291,271,8061
292,271,8904
293,271,9449
294,271,10116
295,271,10709
296,271,11365
297,271,11714
298,271,12188
299,271,12510
300,271,13079
301,271,13353
302,271,13236
303,271,13510
304,271,13675
305,271,13576
306,271,13666
307,271,13604
308,271,13499
309,271,13353
310,271,13276
311,271,13242
312,271,12553
313,271,12643
314,271,12105
315,271,11703
316,271,11241
317,271,10523
318,271,10165
319,271,9285
320,271,8431
321,271,7767
322,271,6836
323,271,5853
324,271,5138
325,271,4717
326,271,3888
327,271,3124
328,271,2461
329,271,1884
330,271,1526
331,271,1313
332,271,1155
333,271,1014
334,271,952
335,271,926
336,271,841
337,271,832
338,271,788
339,271,793
340,271,785
341,271,782
342,271,788
343,271,778
344,271,776
345,271,764
346,271,777
347,271,778
348,271,773
349,271,767
350,271,761
351,271,763
352,271,755
353,271,756
354,271,761
355,271,767
356,271,757
357,271,753
358,271,746
359,271,758
360,271,763
361,271,761
362,271,766
363,271,769
364,271,757
365,271,768
366,271,758
367,271,762
368,271,764
369,271,776
370,271,761
371,271,760
372,271,768
373,271,748
374,271,776
375,271,756
376,271,776
377,271,764
378,271,756
379,271,768
380,271,754
381,271,763
382,271,757
383,271,766
384,271,761
385,271,774
70,272,765
71,272,774
72,272,766
73,272,768
74,272,755
75,272,771
76,272,760
77,272,769
78,272,759
79,272,769
80,272,771
81,272,770
82,272,768
83,272,777
84,272,763
85,272,776
86,272,763
87,272,783
88,272,765
89,272,763
90,272,771
91,272,767
92,272,761
93,272,774
94,272,759
95,272,773
96,272,766
97,272,757
98,272,779
99,272,761
100,272,767
101,272,767
102,272,760
103,272,767
104,272,767
105,272,775
106,272,767
107,272,770
108,272,764
109,272,780
110,272,769
111,272,779
112,272,779
113,272,765
114,272,766
115,272,770
116,272,769
117,272,772
118,272,767
119,272,764
120,272,767
121,272,771
122,272,782
123,272,776
124,272,766
125,272,770
126,272,771
127,272,774
128,272,773
129,272,765
130,272,770
131,272,759
132,272,773
133,272,765
134,272,774
135,272,757
136,272,767
137,272,756
138,272,767
139,272,770
140,272,765
141,272,774
142,272,748
143,272,765
144,272,758
145,272,769
146,272,767
147,272,762
148,272,771
149,272,763
150,272,763
151,272,770
152,272,770
153,272,759
154,272,762
155,272,770
156,272,773
157,272,768
158,272,762
159,272,763
160,272,775
161,272,780
162,272,780
163,272,781
164,272,773
165,272,779
166,272,773
167,272,787
168,272,768
169,272,765
170,272,763
171,272,767
172,272,769
173,272,769
174,272,775
175,272,762
176,272,773
177,272,777
178,272,761
179,272,780
180,272,775
181,272,780
182,272,775
183,272,780
184,272,788
185,272,763
186,272,784
187,272,805
188,272,802
189,272,813
190,272,801
191,272,809
192,272,835
193,272,861
194,272,892
195,272,894
196,272,927
197,272,880
198,272,829
199,272,808
200,272,779
201,272,792
202,272,775
203,272,775
204,272,795
205,272,774
206,272,775
207,272,774
208,272,782
209,272,783
210,272,778
211,272,786
212,272,765
213,272,772
214,272,771
215,272,771
216,272,771
217,272,778
218,272,774
219,272,780
220,272,778
221,272,768
222,272,766
223,272,775
224,272,761
225,272,775
226,272,778
227,272,768
228,272,773
229,272,768
230,272,765
231,272,773
232,272,765
233,272,788
234,272,769
235,272,779
236,272,771
237,272,766
238,272,798
239,272,774
240,272,783
241,272,801
242,272,800
243,272,817
244,272,788
245,272,797
246,272,792
247,272,785
248,272,797
249,272,776
250,272,789
251,272,780
252,272,781
253,272,796
254,272,790
255,272,778
256,272,780
257,272,760
258,272,792
259,272,774
260,272,768
261,272,771
262,272,770
263,272,790
264,272,779
265,272,795
266,272,792
267,272,797
268,272,790
269,272,804
270,272,800
271,272,825
272,272,827
273,272,836
274,272,869
275,272,936
276,272,987
277,272,1087
278,272,1167
279,272,1339
280,272,1550
281,272,1800
282,272,2039
283,272,2480
284,272,3047
285,272,3888
286,272,4465
287,272,5061
288,272,5670
289,272,6253
290,272,7108
291,272,8014
292,272,8665
293,272,9349
294,272,10189
295,272,10607
296,272,11295
297,272,11812
298,272,11947
299,272,12536
300,272,12874
301,272,12927
302,272,13414
303,272,13454
304,272,13382
305,272,13746
306,272,13896
307,272,14101
308,272,13829
309,272,13578
310,272,13469
311,272,13134
312,272,12987
313,272,12606
314,272,12182
315,272,11962
316,272,11084
317,272,10850
318,272,10329
319,272,9731
320,272,8974
321,272,7898
322,272,7054
323,272,6359
324,272,5523
325,272,4763
326,272,3902
327,272,3187
328,272,2507
329,272,2019
330,272,1681
331,272,1435
332,272,1185
333,272,1081
334,272,964
335,272,885
336,272,873
337,272,831
338,272,819
339,272,793
340,272,789
341,272,798
342,272,783
343,272,786
344,272,772
345,272,770
346,272,770
347,272,777
348,272,772
349,272,761
350,272,773
351,272,772
352,272,758
353,272,778
354,272,755
355,272,781
356,272,765
357,272,764
358,272,764
359,272,764
360,272,774
361,272,752
362,272,768
363,272,758
364,272,774
365,272,761
366,272,759
367,272,781
368,272,761
369,272,769
370,272,763
371,272,755
372,272,765
373,272,770
374,272,763
375,272,767
376,272,762
377,272,763
378,272,765
379,272,764
380,272,750
381,272,763
382,272,751
383,272,771
384,272,757
71,273,763
72,273,768
73,273,769
74,273,769
75,273,762
76,273,759
77,273,776
78,273,770
79,273,771
80,273,769
81,273,776
82,273,772
83,273,768
84,273,767
85,273,776
86,273,763
87,273,772
88,273,764
89,273,759
90,273,779
91,273,766
92,273,766
93,273,782
94,273,757
95,273,781
96,273,757
97,273,784
98,273,758
99,273,773
100,273,767
101,273,776
102,273,767
103,273,758
104,273,773
105,273,765
106,273,777
107,273,766
108,273,758
109,273,765
110,273,761
111,273,769
112,273,767
113,273,767
114,273,772
115,273,765
116,273,772
117,273,771
118,273,781
119,273,757
120,273,781
121,273,763
122,273,775
123,273,760
124,273,768
125,273,769
126,273,765
127,273,767
128,273,766
129,273,769
130,273,767
131,273,778
132,273,764
133,273,768
134,273,768
135,273,768
136,273,766
137,273,774
138,273,771
139,273,766
140,273,767
141,273,768
142,273,761
143,273,771
144,273,773
145,273,772
146,273,762
147,273,763
148,273,766
149,273,782
150,273,779
151,273,767
152,273,781
153,273,762
154,273,767
155,273,761
156,273,763
157,273,782
158,273,768
159,273,777
160,273,763
161,273,765
162,273,770
163,273,772
164,273,778
165,273,761
166,273,772
167,273,773
168,273,770
169,273,779
170,273,767
171,273,774
172,273,774
173,273,761
174,273,777
175,273,765
176,273,773
177,273,771
178,273,767
179,273,775
180,273,765
181,273,776
182,273,778
183,273,778
184,273,790
185,273,774
186,273,790
187,273,793
188,273,790
189,273,793
190,273,808
191,273,832
192,273,826
193,273,866
194,273,915
195,273,958
196,273,886
197,273,869
198,273,833
199,273,790
200,273,787
201,273,774
202,273,792
203,273,776
204,273,771
205,273,782
206,273,775
207,273,774
208,273,776
209,273,776
210,273,784
211,273,779
212,273,778
213,273,774
214,273,774
215,273,775
216,273,781
217,273,771
218,273,778
219,273,767
220,273,779
221,273,774
222,273,775
223,273,792
224,273,776
225,273,786
226,273,772
227,273,775
228,273,778
229,273,764
230,273,773
231,273,776
232,273,774
233,273,781
234,273,765
235,273,783
236,273,776
237,273,784
238,273,784
239,273,784
240,273,786
241,273,780
242,273,801
243,273,795
244,273,795
245,273,799
246,273,800
247,273,780
248,273,777
249,273,788
250,273,786
251,273,780
252,273,797
253,273,779
254,273,788
255,273,787
256,273,794
257,273,776
258,273,782
259,273,777
260,273,783
261,273,791
262,273,795
263,273,793
264,273,784
265,273,794
266,273,792
267,273,797
268,273,800
269,273,796
270,273,809
271,273,807
272,273,816
273,273,838
274,273,847
275,273,882
276,273,927
277,273,1038
278,273,1094
279,273,1330
280,273,1528
281,273,1680
282,273,2020
283,273,2518
284,273,2992
285,273,3712
286,273,4336
287,273,4898
288,273,5611
289,273,6315
290,273,7135
291,273,8031
292,273,8943
293,273,9485
294,273,10025
295,273,10955
296,273,11330
297,273,12058
298,273,12448
299,273,12519
300,273,12749
301,273,12855
302,273,13257
303,273,13836
304,273,14245
305,273,13901
306,273,13864
307,273,14077
308,273,14078
309,273,13674
310,273,13739
311,273,13419
312,273,12893
313,273,12622
314,273,12060
315,273,12177
316,273,11621
317,273,11012
318,273,10300
319,273,9813
320,273,9263
321,273,8331
322,273,7416
323,273,6425
324,273,5688
325,273,4832
326,273,4023
327,273,3474
328,273,2786
329,273,2274
330,273,1773
331,273,1508
332,273,1259
333,273,1090
334,273,998
335,273,880
336,273,878
337,273,813
338,273,806
339,273,814
340,273,804
341,273,791
342,273,774
343,273,791
344,273,766
345,273,785
346,273,775
347,273,770
348,273,756
349,273,779
350,273,771
351,273,766
352,273,780
353,273,770
354,273,774
355,273,772
356,273,768
357,273,774
358,273,767
359,273,771
360,273,765
361,273,773
362,273,779
363,273,763
364,273,780
365,273,765
366,273,776
367,273,769
368,273,765
369,273,775
370,273,769
371,273,781
372,273,762
373,273,767
374,273,771
375,273,766
376,273,770
377,273,763
378,273,777
379,273,767
380,273,768
381,273,774
382,273,767
383,273,771
384,273,765
71,274,764
72,274,770
73,274,759
74,274,771
75,274,767
76,274,771
77,274,761
78,274,760
79,274,765
80,274,761
81,274,754
82,274,767
83,274,757
84,274,764
85,274,756
86,274,772
87,274,763
88,274,763
89,274,771
90,274,752
91,274,767
92,274,763
93,274,771
94,274,763
95,274,759
96,274,762
97,274,766
98,274,761
99,274,773
100,274,753
101,274,763
102,274,764
103,274,757
104,274,771
105,274,765
106,274,770
107,274,756
108,274,766
109,274,757
110,274,775
111,274,765
112,274,769
113,274,760
114,274,763
115,274,769
116,274,762
117,274,774
118,274,762
119,274,785
120,274,762
121,274,768
122,274,764
123,274,765
124,274,771
125,274,764
126,274,761
127,274,769
128,274,758
129,274,769
130,274,766
131,274,781
132,274,760
133,274,773
134,274,763
135,274,767
136,274,769
137,274,758
138,274,760
139,274,759
140,274,772
141,274,757
142,274,774
143,274,766
144,274,769
145,274,762
146,274,770
147,274,769
148,274,772
149,274,767
150,274,762
151,274,762
152,274,760
153,274,779
154,274,770
155,274,764
156,274,763
157,274,763
158,274,757
159,274,769
160,274,756
161,274,773
162,274,769
163,274,763
164,274,770
165,274,770
166,274,787
167,274,770
168,274,770
169,274,758
170,274,762
171,274,772
172,274,759
173,274,774
174,274,760
175,274,762
176,274,771
177,274,755
178,274,778
179,274,762
180,274,761
181,274,775
182,274,768
183,274,771
184,274,788
185,274,770
186,274,799
187,274,810
188,274,790
189,274,793
190,274,793
191,274,825
192,274,831
193,274,884
194,274,886
195,274,909
196,274,905
197,274,864
198,274,821
199,274,785
200,274,786
201,274,765
202,274,787
203,274,779
204,274,760
205,274,765
206,274,765
207,274,776
208,274,766
209,274,783
210,274,779
211,274,767
212,274,771
213,274,770
214,274,767
215,274,759
216,274,770
217,274,777
218,274,773
219,274,779
220,274,776
221,274,786
222,274,786
223,274,772
224,274,772
225,274,779
226,274,765
227,274,764
228,274,770
229,274,763
230,274,777
231,274,766
232,274,778
233,274,776
234,274,769
235,274,779
236,274,764
237,274,772
238,274,767
239,274,788
240,274,791
241,274,778
242,274,786
243,274,777
244,274,790
245,274,795
246,274,772
247,274,768
248,274,777
249,274,778
250,274,773
251,274,794
252,274,789
253,274,791
254,274,797
255,274,774
256,274,783
257,274,779
258,274,782
259,274,781
260,274,779
261,274,776
262,274,795
263,274,770
264,274,779
265,274,789
266,274,790
267,274,798
268,274,782
269,274,806
270,274,822
271,274,810
272,274,835
273,274,862
274,274,846
275,274,896
276,274,902
277,274,1015
278,274,1074
279,274,1244
280,274,1413
281,274,1662
282,274,1917
283,274,2306
284,274,3010
285,274,3507
286,274,4171
287,274,4684
288,274,5484
289,274,6206
290,274,7208
291,274,7937
292,274,8827
293,274,9532
294,274,10206
295,274,10787
296,274,11433
297,274,11882
298,274,12492
299,274,12365
300,274,12720
301,274,13141
302,274,13476
303,274,13726
304,274,13794
305,274,14330
306,274,14105
307,274,14228
308,274,14163
309,274,13713
310,274,13666
311,274,13232
312,274,13175
313,274,12593
314,274,12469
315,274,11794
316,274,11510
317,274,11004
318,274,10535
319,274,10041
320,274,9393
321,274,8545
322,274,7721
323,274,7031
324,274,5792
325,274,5082
326,274,4298
327,274,3699
328,274,3036
329,274,2325
330,274,1920
331,274,1616
332,274,1396
333,274,1155
334,274,977
335,274,914
336,274,845
337,274,847
338,274,800
339,274,784
340,274,781
341,274,787
342,274,768
343,274,767
344,274,768
345,274,766
346,274,760
347,274,761
348,274,758
349,274,757
350,274,766
351,274,760
352,274,763
353,274,755
354,274,766
355,274,751
356,274,757
357,274,761
358,274,748
359,274,760
360,274,745
361,274,768
362,274,758
363,274,765
364,274,755
365,274,772
366,274,753
367,274,760
368,274,759
369,274,760
370,274,762
371,274,752
372,274,767
373,274,760
374,274,765
375,274,764
376,274,759
377,274,764
378,274,758
379,274,766
380,274,760
381,274,761
382,274,773
383,274,763
384,274,778
72,275,770
73,275,774
74,275,759
75,275,775
76,275,765
77,275,760
78,275,763
79,275,776
80,275,760
81,275,767
82,275,759
83,275,757
84,275,775
85,275,767
86,275,767
87,275,763
88,275,770
89,275,760
90,275,773
91,275,759
92,275,778
93,275,771
94,275,770
95,275,767
96,275,773
97,275,772
98,275,767
99,275,778
100,275,780
101,275,784
102,275,770
103,275,769
104,275,773
105,275,772
106,275,768
107,275,774
108,275,768
109,275,776
110,275,774
111,275,770
112,275,777
113,275,764
114,275,764
115,275,779
116,275,763
117,275,771
118,275,756
119,275,764
120,275,765
121,275,780
122,275,768
123,275,768
124,275,776
125,275,767
126,275,765
127,275,767
128,275,758
129,275,761
130,275,761
131,275,760
132,275,764
133,275,771
134,275,760
135,275,768
136,275,756
137,275,777
138,275,767
139,275,766
140,275,771
141,275,760
142,275,772
143,275,770
144,275,773
145,275,774
146,275,777
147,275,772
148,275,770
149,275,789
150,275,759
151,275,774
152,275,782
153,275,772
154,275,779
155,275,782
156,275,777
157,275,766
158,275,777
159,275,768
160,275,771
161,275,768
162,275,776
163,275,774
164,275,779
165,275,782
166,275,772
167,275,771
168,275,785
169,275,771
170,275,783
171,275,777
172,275,777
173,275,770
174,275,769
175,275,781
176,275,772
177,275,771
178,275,771
179,275,757
180,275,770
181,275,770
182,275,783
183,275,776
184,275,793
185,275,772
186,275,784
187,275,792
188,275,791
189,275,807
190,275,812
191,275,800
192,275,848
193,275,828
194,275,858
195,275,837
196,275,821
197,275,823
198,275,822
199,275,782
200,275,782
201,275,785
202,275,788
203,275,789
204,275,787
205,275,775
206,275,771
207,275,803
208,275,771
209,275,770
210,275,791
211,275,782
212,275,796
213,275,775
214,275,785
215,275,778
216,275,786
217,275,774
218,275,773
219,275,776
220,275,769
221,275,786
222,275,781
223,275,775
224,275,783
225,275,783
226,275,782
227,275,766
228,275,784
229,275,778
230,275,778
231,275,784
232,275,778
233,275,773
234,275,782
235,275,771
236,275,785
237,275,778
238,275,783
239,275,785
240,275,784
241,275,784
242,275,791
243,275,780
244,275,796
245,275,777
246,275,781
247,275,790
248,275,777
249,275,791
250,275,776
251,275,804
252,275,804
253,275,805
254,275,821
255,275,786
256,275,793
257,275,800
258,275,790
259,275,811
260,275,792
261,275,783
262,275,786
263,275,784
264,275,789
265,275,783
266,275,805
267,275,785
268,275,810
269,275,797
270,275,799
271,275,823
272,275,829
273,275,820
274,275,859
275,275,888
276,275,927
277,275,970
278,275,1094
279,275,1207
280,275,1357
281,275,1602
282,275,1842
283,275,2335
284,275,2887
285,275,3407
286,275,4100
287,275,4856
288,275,5667
289,275,6308
290,275,7182
291,275,8122
292,275,8956
293,275,9687
294,275,10373
295,275,10853
296,275,11202
297,275,11858
298,275,12108
299,275,12868
300,275,13139
301,275,13235
302,275,13593
303,275,13557
304,275,13996
305,275,14006
306,275,13941
307,275,14160
308,275,13954
309,275,13899
310,275,13485
311,275,13420
312,275,12854
313,275,12504
314,275,12399
315,275,12179
316,275,11401
317,275,10946
318,275,10543
319,275,9748
320,275,9241
321,275,8436
322,275,8080
323,275,7035
324,275,6190
325,275,5504
326,275,4680
327,275,4038
328,275,3278
329,275,2842
330,275,2217
331,275,1838
332,275,1512
333,275,1250
334,275,1053
335,275,952
336,275,856
337,275,834
338,275,813
339,275,818
340,275,795
341,275,780
342,275,787
343,275,764
344,275,775
345,275,773
346,275,771
347,275,776
348,275,778
349,275,791
350,275,768
351,275,769
352,275,764
353,275,770
354,275,768
355,275,775
356,275,769
357,275,775
358,275,753
359,275,762
360,275,761
361,275,768
362,275,773
363,275,757
364,275,764
365,275,767
366,275,768
367,275,759
368,275,763
369,275,766
370,275,767
371,275,766
372,275,769
373,275,762
374,275,771
375,275,755
376,275,767
377,275,757
378,275,774
379,275,771
380,275,758
381,275,772
382,275,758
383,275,784
73,276,761
74,276,768
75,276,768
76,276,771
77,276,771
78,276,773
79,276,767
80,276,774
81,276,767
82,276,766
83,276,772
84,276,772
85,276,771
86,276,785
87,276,755
88,276,767
89,276,770
90,276,778
91,276,773
92,276,778
93,276,764
94,276,784
95,276,768
96,276,767
97,276,769
98,276,761
99,276,778
100,276,764
101,276,769
102,276,766
103,276,774
104,276,761
105,276,780
106,276,779
107,276,769
108,276,762
109,276,774
110,276,755
111,276,756
112,276,775
113,276,769
114,276,765
115,276,759
116,276,778
117,276,772
118,276,779
119,276,774
120,276,777
121,276,768
122,276,766
123,276,766
124,276,765
125,276,765
126,276,780
127,276,760
128,276,771
129,276,761
130,276,768
131,276,767
132,276,775
133,276,758
134,276,763
135,276,769
136,276,769
137,276,769
138,276,770
139,276,780
140,276,763
141,276,760
142,276,762
143,276,776
144,276,761
145,276,760
146,276,775
147,276,765
148,276,772
149,276,764
150,276,774
151,276,775
152,276,773
153,276,768
154,276,774
155,276,777
156,276,783
157,276,772
158,276,774
159,276,774
160,276,769
161,276,764
162,276,761
163,276,788
164,276,766
165,276,771
166,276,771
167,276,770
168,276,769
169,276,765
170,276,780
171,276,764
172,276,780
173,276,767
174,276,778
175,276,767
176,276,760
177,276,771
178,276,763
179,276,775
180,276,765
181,276,780
182,276,773
183,276,773
184,276,782
185,276,775
186,276,787
187,276,789
188,276,789
189,276,798
190,276,807
191,276,817
192,276,826
193,276,807
194,276,808
195,276,814
196,276,798
197,276,800
198,276,792
199,276,774
200,276,763
201,276,773
202,276,774
203,276,763
204,276,777
205,276,768
206,276,775
207,276,771
208,276,773
209,276,776
210,276,766
211,276,786
212,276,768
213,276,770
214,276,775
215,276,769
216,276,780
217,276,779
218,276,783
219,276,776
220,276,768
221,276,770
222,276,780
223,276,768
224,276,787
225,276,773
226,276,764
227,276,775
228,276,772
229,276,785
230,276,773
231,276,771
232,276,784
233,276,787
234,276,788
235,276,783
236,276,785
237,276,797
238,276,779
239,276,773
240,276,785
241,276,781
242,276,770
243,276,781
244,276,776
245,276,774
246,276,776
247,276,784
248,276,787
249,276,781
250,276,789
251,276,801
252,276,783
253,276,810
254,276,781
255,276,779
256,276,783
257,276,780
258,276,810
259,276,806
260,276,820
261,276,808
262,276,812
263,276,809
264,276,781
265,276,783
266,276,801
267,276,797
268,276,812
269,276,799
270,276,819
271,276,813
272,276,809
273,276,857
274,276,872
275,276,887
276,276,921
277,276,953
278,276,1072
279,276,1171
280,276,1318
281,276,1532
282,276,1796
283,276,2301
284,276,2660
285,276,3399
286,276,3922
287,276,4783
288,276,5422
289,276,6382
290,276,7166
291,276,8047
292,276,8769
293,276,9914
294,276,10300
295,276,10786
296,276,11138
297,276,11895
298,276,12204
299,276,12674
300,276,12826
301,276,13255
302,276,13383
303,276,13759
304,276,13692
305,276,13828
306,276,14001
307,276,14146
308,276,13923
309,276,13700
310,276,13264
311,276,13307
312,276,13250
313,276,12827
314,276,12519
315,276,12021
316,276,11841
317,276,11253
318,276,10829
319,276,10102
320,276,9379
321,276,8724
322,276,8025
323,276,7224
324,276,6327
325,276,5803
326,276,4811
327,276,4266
328,276,3532
329,276,2890
330,276,2494
331,276,2066
332,276,1730
333,276,1331
334,276,1108
335,276,1004
336,276,877
337,276,865
338,276,793
339,276,792
340,276,787
341,276,785
342,276,771
343,276,765
344,276,758
345,276,775
346,276,771
347,276,767
348,276,763
349,276,767
350,276,767
351,276,757
352,276,762
353,276,758
354,276,765
355,276,770
356,276,770
357,276,773
358,276,775
359,276,761
360,276,766
361,276,761
362,276,775
363,276,765
364,276,771
365,276,769
366,276,769
367,276,761
368,276,767
369,276,774
370,276,773
371,276,766
372,276,774
373,276,762
374,276,772
375,276,769
376,276,770
377,276,773
378,276,769
379,276,771
380,276,771
381,276,761
382,276,764
74,277,773
75,277,760
76,277,763
77,277,749
78,277,754
79,277,758
80,277,766
81,277,761
82,277,764
83,277,766
84,277,771
85,277,757
86,277,771
87,277,755
88,277,771
89,277,755
90,277,774
91,277,754
92,277,774
93,277,753
94,277,776
95,277,760
96,277,783
97,277,758
98,277,774
99,277,763
100,277,769
101,277,764
102,277,774
103,277,766
104,277,792
105,277,758
106,277,770
107,277,770
108,277,767
109,277,753
110,277,758
111,277,761
112,277,765
113,277,770
114,277,768
115,277,773
116,277,758
117,277,769
118,277,755
119,277,766
120,277,768
121,277,762
122,277,750
123,277,763
124,277,757
125,277,766
126,277,765
127,277,766
128,277,753
129,277,761
130,277,768
131,277,758
132,277,763
133,277,741
134,277,757
135,277,753
136,277,775
137,277,759
138,277,762
139,277,767
140,277,759
141,277,762
142,277,763
143,277,764
144,277,763
145,277,772
146,277,770
147,277,767
148,277,760
149,277,764
150,277,773
151,277,777
152,277,795
153,277,790
154,277,781
155,277,769
156,277,768
157,277,767
158,277,762
159,277,764
160,277,778
161,277,770
162,277,763
163,277,764
164,277,782
165,277,774
166,277,766
167,277,778
168,277,760
169,277,770
170,277,771
171,277,756
172,277,766
173,277,771
174,277,783
175,277,766
176,277,750
177,277,773
178,277,760
179,277,780
180,277,770
181,277,779
182,277,757
183,277,776
184,277,774
185,277,777
186,277,798
187,277,786
188,277,809
189,277,797
190,277,790
191,277,802
192,277,786
193,277,822
194,277,796
195,277,808
196,277,773
197,277,783
198,277,794
199,277,763
200,277,776
201,277,760
202,277,793
203,277,779
204,277,766
205,277,767
206,277,777
207,277,776
208,277,769
209,277,775
210,277,768
211,277,784
212,277,768
213,277,779
214,277,774
215,277,775
216,277,776
217,277,754
218,277,766
219,277,764
220,277,763
221,277,770
222,277,769
223,277,789
224,277,759
225,277,782
226,277,763
227,277,775
228,277,773
229,277,773
230,277,775
231,277,778
232,277,787
233,277,781
234,277,787
235,277,787
236,277,780
237,277,801
238,277,798
239,277,808
240,277,789
241,277,774
242,277,790
243,277,779
244,277,776
245,277,766
246,277,779
247,277,786
248,277,774
249,277,776
250,277,790
251,277,808
252,277,807
253,277,803
254,277,782
255,277,795
256,277,781
257,277,786
258,277,794
259,277,800
260,277,828
261,277,825
262,277,833
263,277,811
264,277,787
265,277,802
266,277,778
267,277,808
268,277,783
269,277,791
270,277,794
271,277,831
272,277,817
273,277,822
274,277,842
275,277,887
276,277,928
277,277,964
278,277,1019
279,277,1173
280,277,1304
281,277,1482
282,277,1808
283,277,2186
284,277,2558
285,277,3274
286,277,3951
287,277,4733
288,277,5566
289,277,6383
290,277,7084
291,277,7958
292,277,8967
293,277,9643
294,277,10291
295,277,10875
296,277,11159
297,277,12001
298,277,12389
299,277,12504
300,277,12804
301,277,13450
302,277,13529
303,277,13687
304,277,13838
305,277,14064
306,277,14102
307,277,13965
308,277,13870
309,277,13601
310,277,13534
311,277,13557
312,277,13470
313,277,13016
314,277,12769
315,277,12120
316,277,11689
317,277,11142
318,277,10483
319,277,9915
320,277,9179
321,277,8834
322,277,7943
323,277,7402
324,277,6646
325,277,6000
326,277,5255
327,277,4316
328,277,3661
329,277,3138
330,277,2662
331,277,2306
332,277,1853
333,277,1432
334,277,1173
335,277,961
336,277,894
337,277,831
338,277,796
339,277,791
340,277,762
341,277,777
342,277,780
343,277,783
344,277,771
345,277,750
346,277,766
347,277,754
348,277,763
349,277,753
350,277,773
351,277,765
352,277,768
353,277,752
354,277,757
355,277,747
356,277,761
357,277,755
358,277,759
359,277,773
360,277,749
361,277,766
362,277,751
363,277,761
364,277,756
365,277,747
366,277,759
367,277,762
368,277,759
369,277,770
370,277,757
371,277,763
372,277,755
373,277,763
374,277,760
375,277,750
376,277,772
377,277,746
378,277,772
379,277,756
380,277,763
381,277,760
76,278,770
77,278,768
78,278,767
79,278,767
80,278,769
81,278,771
82,278,774
83,278,768
84,278,774
85,278,764
86,278,765
87,278,771
88,278,761
89,278,764
90,278,762
91,278,774
92,278,772
93,278,763
94,278,771
95,278,764
96,278,773
97,278,765
98,278,764
99,278,757
100,278,774
101,278,761
102,278,771
103,278,773
104,278,778
105,278,768
106,278,756
107,278,774
108,278,768
109,278,777
110,278,765
111,278,773
112,278,760
113,278,773
114,278,769
115,278,769
116,278,758
117,278,773
118,278,754
119,278,768
120,278,754
121,278,770
122,278,764
123,278,761
124,278,761
125,278,770
126,278,767
127,278,768
128,278,769
129,278,753
130,278,772
131,278,758
132,278,770
133,278,768
134,278,781
135,278,753
136,278,772
137,278,760
138,278,777
139,278,758
140,278,766
141,278,770
142,278,760
143,278,777
144,278,761
145,278,782
146,278,768
147,278,774
148,278,777
149,278,767
150,278,778
151,278,789
152,278,802
153,278,801
154,278,807
155,278,787
156,278,791
157,278,749
158,278,772
159,278,764
160,278,772
161,278,772
162,278,759
163,278,764
164,278,758
165,278,782
166,278,765
167,278,775
168,278,765
169,278,774
170,278,783
171,278,775
172,278,775
173,278,768
174,278,767
175,278,755
176,278,780
177,278,770
178,278,776
179,278,770
180,278,772
181,278,789
182,278,765
183,278,776
184,278,777
185,278,776
186,278,787
187,278,771
188,278,793
189,278,779
190,278,800
191,278,796
192,278,797
193,278,799
194,278,794
195,278,798
196,278,772
197,278,790
198,278,770
199,278,777
200,278,773
201,278,773
202,278,769
203,278,769
204,278,764
205,278,759
206,278,778
207,278,770
208,278,780
209,278,779
210,278,770
211,278,779
212,278,770
213,278,770
214,278,782
215,278,765
216,278,767
217,278,781
218,278,767
219,278,770
220,278,775
221,278,777
222,278,780
223,278,781
224,278,770
225,278,782
226,278,778
227,278,776
228,278,780
229,278,779
230,278,781
231,278,775
232,278,794
233,278,786
234,278,785
235,278,797
236,278,793
237,278,824
238,278,788
239,278,805
240,278,820
241,278,781
242,278,781
243,278,781
244,278,787
245,278,771
246,278,780
247,278,768
248,278,791
249,278,784
250,278,789
251,278,817
252,278,805
253,278,833
254,278,798
255,278,801
256,278,781
257,278,782
258,278,800
259,278,795
260,278,849
261,278,817
262,278,820
263,278,825
264,278,809
265,278,811
266,278,783
267,278,795
268,278,799
269,278,799
270,278,813
271,278,823
272,278,827
273,278,827
274,278,880
275,278,894
276,278,915
277,278,1021
278,278,1026
279,278,1173
280,278,1283
281,278,1537
282,278,1726
283,278,2235
284,278,2649
285,278,3093
286,278,3719
287,278,4332
288,278,5133
289,278,6158
290,278,6916
291,278,7491
292,278,8324
293,278,9361
294,278,9948
295,278,10371
296,278,11235
297,278,11561
298,278,12028
299,278,12590
300,278,12982
301,278,12889
302,278,13597
303,278,13563
304,278,13703
305,278,14027
306,278,14086
307,278,13952
308,278,13819
309,278,13785
310,278,13670
311,278,13381
312,278,13146
313,278,12802
314,278,12510
315,278,12114
316,278,11569
317,278,11017
318,278,10210
319,278,9604
320,278,8920
321,278,8477
322,278,7722
323,278,7106
324,278,6453
325,278,5905
326,278,5279
327,278,4552
328,278,3957
329,278,3187
330,278,2820
331,278,2315
332,278,1825
333,278,1449
334,278,1151
335,278,991
336,278,883
337,278,816
338,278,826
339,278,784
340,278,795
341,278,773
342,278,766
343,278,769
344,278,770
345,278,769
346,278,757
347,278,759
348,278,761
349,278,767
350,278,770
351,278,762
352,278,768
353,278,768
354,278,759
355,278,776
356,278,757
357,278,765
358,278,760
359,278,762
360,278,754
361,278,763
362,278,757
363,278,768
364,278,764
365,278,768
366,278,752
367,278,760
368,278,758
369,278,750
370,278,765
371,278,757
372,278,755
373,278,757
374,278,760
375,278,761
376,278,766
377,278,755
378,278,759
379,278,762
380,278,773
381,278,765
77,279,762
78,279,763
79,279,772
80,279,773
81,279,770
82,279,758
83,279,768
84,279,767
85,279,776
86,279,769
87,279,771
88,279,751
89,279,774
90,279,759
91,279,768
92,279,763
93,279,770
94,279,757
95,279,768
96,279,768
97,279,759
98,279,759
99,279,773
100,279,762
101,279,766
102,279,765
103,279,766
104,279,775
105,279,759
106,279,764
107,279,751
108,279,755
109,279,755
110,279,764
111,279,757
112,279,767
113,279,762
114,279,764
115,279,765
116,279,768
117,279,756
118,279,759
119,279,762
120,279,773
121,279,770
122,279,770
123,279,762
124,279,767
125,279,772
126,279,758
127,279,764
128,279,760
129,279,765
130,279,758
131,279,766
132,279,776
133,279,776
134,279,766
135,279,766
136,279,773
137,279,767
138,279,771
139,279,767
140,279,775
141,279,761
142,279,765
143,279,768
144,279,763
145,279,767
146,279,768
147,279,761
148,279,778
149,279,778
150,279,759
151,279,786
152,279,801
153,279,829
154,279,825
155,279,789
156,279,784
157,279,767
158,279,765
159,279,768
160,279,758
161,279,768
162,279,758
163,279,764
164,279,763
165,279,774
166,279,760
167,279,773
168,279,778
169,279,781
170,279,781
171,279,773
172,279,776
173,279,769
174,279,783
175,279,769
176,279,771
177,279,764
178,279,769
179,279,777
180,279,763
181,279,778
182,279,761
183,279,779
184,279,780
185,279,779
186,279,784
187,279,777
188,279,775
189,279,787
190,279,787
191,279,775
192,279,786
193,279,783
194,279,777
195,279,782
196,279,761
197,279,776
198,279,758
199,279,770
200,279,776
201,279,769
202,279,772
203,279,777
204,279,766
205,279,763
206,279,788
207,279,776
208,279,771
209,279,764
210,279,763
211,279,783
212,279,768
213,279,776
214,279,768
215,279,761
216,279,764
217,279,762
218,279,769
219,279,763
220,279,784
221,279,770
222,279,780
223,279,787
224,279,771
225,279,787
226,279,771
227,279,776
228,279,773
229,279,768
230,279,773
231,279,782
232,279,790
233,279,788
234,279,810
235,279,813
236,279,831
237,279,817
238,279,821
239,279,835
240,279,792
241,279,785
242,279,774
243,279,790
244,279,778
245,279,775
246,279,780
247,279,770
248,279,781
249,279,796
250,279,804
251,279,819
252,279,811
253,279,819
254,279,798
255,279,786
256,279,782
257,279,797
258,279,780
259,279,805
260,279,811
261,279,804
262,279,850
263,279,838
264,279,835
265,279,798
266,279,785
267,279,792
268,279,800
269,279,797
270,279,800
271,279,807
272,279,848
273,279,849
274,279,870
275,279,892
276,279,917
277,279,969
278,279,1064
279,279,1161
280,279,1338
281,279,1645
282,279,1996
283,279,2459
284,279,2764
285,279,3152
286,279,3649
287,279,4374
288,279,4936
289,279,5950
290,279,6750
291,279,7651
292,279,8241
293,279,9022
294,279,9821
295,279,10188
296,279,10774
297,279,11429
298,279,11970
299,279,12084
300,279,12524
301,279,12838
302,279,13414
303,279,13414
304,279,13382
305,279,13952
306,279,13824
307,279,13838
308,279,13964
309,279,13764
310,279,13438
311,279,13642
312,279,13219
313,279,12561
314,279,12091
315,279,11934
316,279,11356
317,279,10739
318,279,10130
319,279,9525
320,279,9108
321,279,8659
322,279,7777
323,279,7210
324,279,6418
325,279,5891
326,279,5305
327,279,4580
328,279,3906
329,279,3228
330,279,2711
331,279,2072
332,279,1642
333,279,1230
334,279,1052
335,279,940
336,279,893
337,279,831
338,279,846
339,279,795
340,279,802
341,279,793
342,279,778
343,279,769
344,279,770
345,279,781
346,279,765
347,279,779
348,279,766
349,279,769
350,279,763
351,279,775
352,279,773
353,279,757
354,279,773
355,279,763
356,279,781
357,279,762
358,279,774
359,279,755
360,279,767
361,279,774
362,279,764
363,279,768
364,279,764
365,279,771
366,279,759
367,279,765
368,279,756
369,279,772
370,279,757
371,279,771
372,279,759
373,279,767
374,279,774
375,279,769
376,279,763
377,279,764
378,279,760
379,279,754
380,279,773
79,280,761
80,280,769
81,280,760
82,280,766
83,280,758
84,280,766
85,280,773
86,280,771
87,280,767
88,280,767
89,280,769
90,280,777
91,280,774
92,280,773
93,280,767
94,280,769
95,280,771
96,280,763
97,280,770
98,280,762
99,280,763
100,280,763
101,280,773
102,280,783
103,280,774
104,280,780
105,280,763
106,280,783
107,280,751
108,280,769
109,280,750
110,280,780
111,280,757
112,280,774
113,280,756
114,280,765
115,280,765
116,280,766
117,280,762
118,280,764
119,280,768
120,280,760
121,280,775
122,280,758
123,280,777
124,280,753
125,280,773
126,280,764
127,280,777
128,280,759
129,280,775
130,280,759
131,280,770
132,280,760
133,280,775
134,280,773
135,280,769
136,280,767
137,280,764
138,280,787
139,280,759
140,280,775
141,280,757
142,280,783
143,280,754
144,280,765
145,280,758
146,280,763
147,280,768
148,280,765
149,280,780
150,280,764
151,280,788
152,280,795
153,280,848
154,280,819
155,280,799
156,280,781
157,280,758
158,280,776
159,280,753
160,280,777
161,280,767
162,280,762
163,280,758
164,280,761
165,280,779
166,280,770
167,280,758
168,280,757
169,280,768
170,280,758
171,280,773
172,280,752
173,280,769
174,280,757
175,280,758
176,280,768
177,280,756
178,280,771
179,280,757
180,280,779
181,280,776
182,280,767
183,280,764
184,280,764
185,280,777
186,280,772
187,280,775
188,280,786
189,280,774
190,280,784
191,280,776
192,280,785
193,280,781
194,280,777
195,280,766
196,280,771
197,280,767
198,280,774
199,280,775
200,280,770
201,280,773
202,280,764
203,280,761
204,280,768
205,280,772
206,280,775
207,280,766
208,280,762
209,280,756
210,280,764
211,280,778
212,280,768
213,280,776
214,280,768
215,280,775
216,280,775
217,280,775
218,280,763
219,280,770
220,280,785
221,280,780
222,280,785
223,280,772
224,280,776
225,280,771
226,280,762
227,280,783
228,280,771
229,280,789
230,280,775
231,280,768
232,280,781
233,280,782
234,280,833
235,280,805
236,280,810
237,280,842
238,280,815
239,280,818
240,280,789
241,280,786
242,280,794
243,280,775
244,280,777
245,280,775
246,280,788
247,280,771
248,280,808
249,280,783
250,280,795
251,280,805
252,280,810
253,280,807
254,280,789
255,280,810
256,280,782
257,280,793
258,280,774
259,280,789
260,280,787
261,280,784
262,280,814
263,280,799
264,280,805
265,280,780
266,280,767
267,280,794
268,280,778
269,280,794
270,280,799
271,280,809
272,280,817
273,280,823
274,280,865
275,280,878
276,280,930
277,280,952
278,280,1032
279,280,1224
280,280,1430
281,280,1814
282,280,2153
283,280,2505
284,280,2776
285,280,3183
286,280,3566
287,280,4171
288,280,4915
289,280,6014
290,280,6652
291,280,7475
292,280,8196
293,280,8673
294,280,9412
295,280,9996
296,280,10342
297,280,10932
298,280,11473
299,280,12195
300,280,12333
301,280,12638
302,280,13145
303,280,13202
304,280,13554
305,280,13547
306,280,13487
307,280,13426
308,280,13463
309,280,13358
310,280,13014
311,280,12925
312,280,12420
313,280,12356
314,280,12318
315,280,11509
316,280,11341
317,280,10735
318,280,10073
319,280,9525
320,280,8770
321,280,8319
322,280,7326
323,280,6938
324,280,6413
325,280,5710
326,280,5035
327,280,4542
328,280,3786
329,280,3196
330,280,2526
331,280,1954
332,280,1535
333,280,1228
334,280,994
335,280,930
336,280,889
337,280,823
338,280,815
339,280,795
340,280,788
341,280,766
342,280,779
343,280,768
344,280,768
345,280,782
346,280,766
347,280,769
348,280,755
349,280,771
350,280,773
351,280,753
352,280,774
353,280,768
354,280,773
355,280,768
356,280,774
357,280,759
358,280,773
359,280,757
360,280,768
361,280,763
362,280,758
363,280,776
364,280,761
365,280,777
366,280,762
367,280,767
368,280,759
369,280,766
370,280,760
371,280,764
372,280,758
373,280,768
374,280,773
375,280,756
376,280,766
377,280,753
378,280,774
379,280,749
80,281,761
81,281,776
82,281,759
83,281,771
84,281,767
85,281,777
86,281,768
87,281,764
88,281,757
89,281,760
90,281,763
91,281,763
92,281,758
93,281,768
94,281,763
95,281,775
96,281,759
97,281,778
98,281,754
99,281,766
100,281,761
101,281,767
102,281,769
103,281,759
104,281,766
105,281,764
106,281,776
107,281,758
108,281,768
109,281,775
110,281,763
111,281,756
112,281,783
113,281,761
114,281,776
115,281,764
116,281,773
117,281,772
118,281,775
119,281,770
120,281,761
121,281,767
122,281,775
123,281,765
124,281,768
125,281,768
126,281,761
127,281,774
128,281,754
129,281,773
130,281,755
131,281,762
132,281,762
133,281,763
134,281,770
135,281,758
136,281,768
137,281,756
138,281,774
139,281,761
140,281,770
141,281,755
142,281,766
143,281,755
144,281,768
145,281,758
146,281,769
147,281,776
148,281,756
149,281,780
150,281,764
151,281,796
152,281,797
153,281,831
154,281,823
155,281,820
156,281,795
157,281,767
158,281,788
159,281,758
160,281,782
161,281,770
162,281,774
163,281,769
164,281,769
165,281,775
166,281,764
167,281,772
168,281,763
169,281,780
170,281,773
171,281,782
172,281,767
173,281,774
174,281,768
175,281,767
176,281,773
177,281,765
178,281,770
179,281,757
180,281,777
181,281,770
182,281,758
183,281,773
184,281,764
185,281,782
186,281,757
187,281,781
188,281,774
189,281,786
190,281,774
191,281,763
192,281,789
193,281,769
194,281,771
195,281,765
196,281,780
197,281,771
198,281,761
199,281,778
200,281,754
201,281,770
202,281,771
203,281,787
204,281,776
205,281,769
206,281,769
207,281,764
208,281,770
209,281,766
210,281,775
211,281,771
212,281,779
213,281,772
214,281,775
215,281,786
216,281,763
217,281,776
218,281,768
219,281,773
220,281,764
221,281,765
222,281,771
223,281,762
224,281,793
225,281,781
226,281,788
227,281,778
228,281,776
229,281,800
230,281,770
231,281,790
232,281,782
233,281,790
234,281,817
235,281,806
236,281,835
237,281,828
238,281,847
239,281,822
240,281,791
241,281,794
242,281,781
243,281,764
244,281,782
245,281,783
246,281,768
247,281,762
248,281,778
249,281,786
250,281,791
251,281,810
252,281,791
253,281,795
254,281,783
255,281,797
256,281,794
257,281,786
258,281,772
259,281,792
260,281,777
261,281,774
262,281,805
263,281,791
264,281,794
265,281,779
266,281,816
267,281,785
268,281,786
269,281,801
270,281,784
271,281,805
272,281,812
273,281,856
274,281,859
275,281,881
276,281,943
277,281,973
278,281,1020
279,281,1200
280,281,1424
281,281,1825
282,281,2230
283,281,2535
284,281,2704
285,281,2920
286,281,3479
287,281,4066
288,281,4901
289,281,5740
290,281,6699
291,281,7364
292,281,7908
293,281,8343
294,281,8956
295,281,9905
296,281,10256
297,281,10895
298,281,11315
299,281,11716
300,281,12203
301,281,12734
302,281,12603
303,281,13054
304,281,13049
305,281,13200
306,281,13414
307,281,13494
308,281,13106
309,281,13237
310,281,13001
311,281,12520
312,281,12158
313,281,11947
314,281,11923
315,281,11262
316,281,10977
317,281,10510
318,281,9972
319,281,9402
320,281,8792
321,281,8039
322,281,7469
323,281,6801
324,281,6036
325,281,5326
326,281,4728
327,281,4154
328,281,3551
329,281,2896
330,281,2209
331,281,1777
332,281,1423
333,281,1126
334,281,977
335,281,894
336,281,839
337,281,841
338,281,794
339,281,784
340,281,776
341,281,756
342,281,766
343,281,747
344,281,761
345,281,761
346,281,761
347,281,759
348,281,755
349,281,768
350,281,754
351,281,761
352,281,747
353,281,766
354,281,761
355,281,751
356,281,766
357,281,752
358,281,774
359,281,749
360,281,761
361,281,765
362,281,763
363,281,759
364,281,764
365,281,762
366,281,767
367,281,774
368,281,762
369,281,767
370,281,753
371,281,765
372,281,758
373,281,763
374,281,763
375,281,767
376,281,756
377,281,763
378,281,763
379,281,753
82,282,768
83,282,768
84,282,753
85,282,761
86,282,753
87,282,766
88,282,763
89,282,753
90,282,762
91,282,771
92,282,768
93,282,763
94,282,760
95,282,767
96,282,763
97,282,761
98,282,764
99,282,773
100,282,776
101,282,782
102,282,763
103,282,767
104,282,761
105,282,766
106,282,764
107,282,765
108,282,761
109,282,766
110,282,770
111,282,760
112,282,766
113,282,750
114,282,775
115,282,756
116,282,766
117,282,761
118,282,761
119,282,754
120,282,758
121,282,766
122,282,765
123,282,767
124,282,763
125,282,765
126,282,760
127,282,775
128,282,765
129,282,773
130,282,764
131,282,767
132,282,763
133,282,782
134,282,762
135,282,767
136,282,761
137,282,768
138,282,768
139,282,763
140,282,775
141,282,770
142,282,774
143,282,759
144,282,783
145,282,765
146,282,777
147,282,766
148,282,766
149,282,770
150,282,767
151,282,794
152,282,787
153,282,837
154,282,811
155,282,814
156,282,799
157,282,784
158,282,768
159,282,758
160,282,784
161,282,767
162,282,764
163,282,758
164,282,764
165,282,768
166,282,775
167,282,770
168,282,767
169,282,775
170,282,772
171,282,761
172,282,767
173,282,760
174,282,768
175,282,776
176,282,775
177,282,766
178,282,771
179,282,761
180,282,789
181,282,773
182,282,772
183,282,769
184,282,763
185,282,785
186,282,779
187,282,776
188,282,764
189,282,767
190,282,773
191,282,768
192,282,772
193,282,766
194,282,784
195,282,768
196,282,772
197,282,769
198,282,763
199,282,789
200,282,777
201,282,775
202,282,768
203,282,784
204,282,769
205,282,768
206,282,778
207,282,747
208,282,773
209,282,776
210,282,764
211,282,778
212,282,775
213,282,782
214,282,762
215,282,769
216,282,765
217,282,774
218,282,757
219,282,778
220,282,772
221,282,766
222,282,795
223,282,772
224,282,782
225,282,770
226,282,785
227,282,772
228,282,769
229,282,789
230,282,764
231,282,792
232,282,796
233,282,795
234,282,814
235,282,808
236,282,849
237,282,818
238,282,817
239,282,783
240,282,799
241,282,792
242,282,766
243,282,785
244,282,780
245,282,792
246,282,771
247,282,785
248,282,781
249,282,772
250,282,797
251,282,785
252,282,788
253,282,785
254,282,780
255,282,791
256,282,765
257,282,788
258,282,781
259,282,780
260,282,769
261,282,780
262,282,782
263,282,784
264,282,797
265,282,790
266,282,791
267,282,776
268,282,789
269,282,792
270,282,802
271,282,841
272,282,811
273,282,863
274,282,855
275,282,882
276,282,919
277,282,969
278,282,1030
279,282,1163
280,282,1432
281,282,1684
282,282,2097
283,282,2344
284,282,2540
285,282,2936
286,282,3379
287,282,4151
288,282,4874
289,282,5592
290,282,6428
291,282,7048
292,282,7611
293,282,8225
294,282,8770
295,282,9249
296,282,9844
297,282,10649
298,282,11108
299,282,11474
300,282,11982
301,282,12308
302,282,12471
303,282,12649
304,282,12789
305,282,12888
306,282,12848
307,282,13011
308,282,12783
309,282,12909
310,282,12703
311,282,12428
312,282,12138
313,282,12039
314,282,11680
315,282,11104
316,282,10853
317,282,10204
318,282,9580
319,282,8951
320,282,8316
321,282,8011
322,282,7018
323,282,6493
324,282,5835
325,282,4987
326,282,4425
327,282,3699
328,282,3106
329,282,2530
330,282,2052
331,282,1595
332,282,1221
333,282,1098
334,282,976
335,282,884
336,282,852
337,282,806
338,282,815
339,282,786
340,282,775
341,282,768
342,282,776
343,282,767
344,282,777
345,282,772
346,282,768
347,282,764
348,282,762
349,282,769
350,282,753
351,282,785
352,282,759
353,282,773
354,282,753
355,282,759
356,282,768
357,282,755
358,282,773
359,282,754
360,282,776
361,282,759
362,282,767
363,282,754
364,282,757
365,282,761
366,282,754
367,282,761
368,282,766
369,282,781
370,282,763
371,282,767
372,282,757
373,282,782
374,282,759
375,282,767
376,282,751
377,282,759
378,282,756
83,283,777
84,283,749
85,283,766
86,283,741
87,283,773
88,283,762
89,283,775
90,283,751
91,283,768
92,283,759
93,283,765
94,283,756
95,283,770
96,283,767
97,283,774
98,283,758
99,283,779
100,283,756
101,283,774
102,283,774
103,283,774
104,283,766
105,283,783
106,283,746
107,283,769
108,283,757
109,283,765
110,283,772
111,283,768
112,283,769
113,283,743
114,283,768
115,283,757
116,283,776
117,283,763
118,283,777
119,283,753
120,283,768
121,283,759
122,283,767
123,283,759
124,283,773
125,283,764
126,283,761
127,283,774
128,283,754
129,283,774
130,283,754
131,283,771
132,283,763
133,283,766
134,283,763
135,283,784
136,283,751
137,283,772
138,283,768
139,283,759
140,283,769
141,283,759
142,283,773
143,283,766
144,283,774
145,283,755
146,283,774
147,283,756
148,283,770
149,283,769
150,283,765
151,283,785
152,283,770
153,283,809
154,283,782
155,283,815
156,283,792
157,283,789
158,283,779
159,283,764
160,283,777
161,283,769
162,283,769
163,283,754
164,283,770
165,283,771
166,283,772
167,283,772
168,283,772
169,283,769
170,283,760
171,283,764
172,283,760
173,283,772
174,283,766
175,283,765
176,283,769
177,283,761
178,283,770
179,283,762
180,283,773
181,283,758
182,283,769
183,283,757
184,283,767
185,283,767
186,283,773
187,283,775
188,283,767
189,283,770
190,283,764
191,283,768
192,283,765
193,283,775
194,283,774
195,283,767
196,283,768
197,283,751
198,283,775
199,283,775
200,283,762
201,283,780
202,283,757
203,283,776
204,283,760
205,283,759
206,283,764
207,283,753
208,283,767
209,283,760
210,283,756
211,283,762
212,283,770
213,283,764
214,283,765
215,283,762
216,283,777
217,283,786
218,283,770
219,283,772
220,283,767
221,283,773
222,283,776
223,283,762
224,283,773
225,283,772
226,283,777
227,283,773
228,283,769
229,283,784
230,283,793
231,283,799
232,283,792
233,283,791
234,283,794
235,283,801
236,283,808
237,283,793
238,283,797
239,283,770
240,283,781
241,283,800
242,283,785
243,283,791
244,283,777
245,283,780
246,283,779
247,283,782
248,283,786
249,283,775
250,283,780
251,283,774
252,283,791
253,283,775
254,283,777
255,283,769
256,283,767
257,283,789
258,283,776
259,283,793
260,283,784
261,283,776
262,283,782
263,283,766
264,283,785
265,283,782
266,283,781
267,283,770
268,283,800
269,283,782
270,283,814
271,283,801
272,283,807
273,283,823
274,283,840
275,283,855
276,283,917
277,283,942
278,283,1049
279,283,1121
280,283,1340
281,283,1531
282,283,1831
283,283,2074
284,283,2423
285,283,2825
286,283,3248
287,283,3855
288,283,4641
289,283,5423
290,283,6153
291,283,6949
292,283,7223
293,283,7732
294,283,8548
295,283,9004
296,283,9763
297,283,10151
298,283,10669
299,283,11110
300,283,11393
301,283,11610
302,283,12266
303,283,12388
304,283,12472
305,283,12575
306,283,12779
307,283,12925
308,283,12642
309,283,12588
310,283,12195
311,283,12238
312,283,11662
313,283,11527
314,283,10882
315,283,10828
316,283,10207
317,283,10116
318,283,9430
319,283,8709
320,283,8213
321,283,7594
322,283,6694
323,283,6081
324,283,5556
325,283,4661
326,283,4003
327,283,3326
328,283,2765
329,283,2189
330,283,1838
331,283,1441
332,283,1184
333,283,1054
334,283,940
335,283,878
336,283,823
337,283,833
338,283,800
339,283,778
340,283,779
341,283,775
342,283,777
343,283,766
344,283,772
345,283,765
346,283,765
347,283,761
348,283,759
349,283,759
350,283,763
351,283,763
352,283,754
353,283,771
354,283,761
355,283,752
356,283,764
357,283,749
358,283,761
359,283,754
360,283,769
361,283,753
362,283,767
363,283,759
364,283,755
365,283,753
366,283,751
367,283,753
368,283,759
369,283,764
370,283,762
371,283,762
372,283,755
373,283,760
374,283,752
375,283,768
376,283,765
377,283,762
85,284,771
86,284,750
87,284,774
88,284,754
89,284,771
90,284,739
91,284,783
92,284,751
93,284,765
94,284,751
95,284,761
96,284,763
97,284,769
98,284,762
99,284,761
100,284,751
101,284,763
102,284,757
103,284,764
104,284,755
105,284,770
106,284,754
107,284,778
108,284,756
109,284,770
110,284,761
111,284,763
112,284,749
113,284,755
114,284,770
115,284,762
116,284,764
117,284,754
118,284,774
119,284,757
120,284,773
121,284,751
122,284,765
123,284,759
124,284,769
125,284,761
126,284,769
127,284,757
128,284,762
129,284,773
130,284,756
131,284,767
132,284,765
133,284,769
134,284,756
135,284,769
136,284,756
137,284,752
138,284,765
139,284,748
140,284,762
141,284,751
142,284,767
143,284,749
144,284,765
145,284,751
146,284,779
147,284,758
148,284,765
149,284,761
150,284,757
151,284,764
152,284,762
153,284,775
154,284,763
155,284,787
156,284,772
157,284,776
158,284,754
159,284,761
160,284,775
161,284,750
162,284,780
163,284,741
164,284,775
165,284,744
166,284,756
167,284,761
168,284,757
169,284,764
170,284,763
171,284,764
172,284,745
173,284,767
174,284,750
175,284,774
176,284,763
177,284,755
178,284,769
179,284,753
180,284,762
181,284,758
182,284,779
183,284,758
184,284,769
185,284,753
186,284,759
187,284,774
188,284,750
189,284,768
190,284,752
191,284,782
192,284,748
193,284,751
194,284,759
195,284,754
196,284,771
197,284,746
198,284,782
199,284,756
200,284,764
201,284,764
202,284,757
203,284,780
204,284,762
205,284,776
206,284,764
207,284,763
208,284,763
209,284,760
210,284,776
211,284,762
212,284,772
213,284,772
214,284,773
215,284,767
216,284,764
217,284,766
218,284,780
219,284,778
220,284,782
221,284,787
222,284,763
223,284,780
224,284,784
225,284,775
226,284,783
227,284,771
228,284,798
229,284,784
230,284,795
231,284,801
232,284,801
233,284,796
234,284,779
235,284,801
236,284,801
237,284,784
238,284,789
239,284,780
240,284,786
241,284,787
242,284,791
243,284,768
244,284,787
245,284,792
246,284,776
247,284,789
248,284,762
249,284,771
250,284,785
251,284,779
252,284,789
253,284,771
254,284,784
255,284,772
256,284,780
257,284,791
258,284,765
259,284,784
260,284,787
261,284,781
262,284,775
263,284,785
264,284,784
265,284,799
266,284,785
267,284,785
268,284,802
269,284,807
270,284,803
271,284,800
272,284,832
273,284,840
274,284,833
275,284,872
276,284,904
277,284,937
278,284,1040
279,284,1171
280,284,1302
281,284,1427
282,284,1760
283,284,2005
284,284,2287
285,284,2712
286,284,3288
287,284,3824
288,284,4491
289,284,5210
290,284,5826
291,284,6643
292,284,7177
293,284,7638
294,284,8159
295,284,8677
296,284,9366
297,284,9761
298,284,10031
299,284,10537
300,284,11081
301,284,11583
302,284,11817
303,284,11778
304,284,12163
305,284,12263
306,284,12313
307,284,12367
308,284,12209
309,284,12194
310,284,11813
311,284,11594
312,284,11673
313,284,11144
314,284,10730
315,284,10450
316,284,9881
317,284,9522
318,284,8907
319,284,8267
320,284,7672
321,284,6885
322,284,6269
323,284,5723
324,284,4852
325,284,4207
326,284,3660
327,284,2881
328,284,2339
329,284,1908
330,284,1528
331,284,1360
332,284,1077
333,284,1003
334,284,887
335,284,860
336,284,826
337,284,804
338,284,799
339,284,778
340,284,760
341,284,771
342,284,772
343,284,768
344,284,764
345,284,773
346,284,777
347,284,756
348,284,758
349,284,757
350,284,753
351,284,762
352,284,753
353,284,768
354,284,752
355,284,773
356,284,766
357,284,765
358,284,745
359,284,758
360,284,766
361,284,761
362,284,766
363,284,759
364,284,768
365,284,760
366,284,771
367,284,760
368,284,767
369,284,754
370,284,766
371,284,760
372,284,759
373,284,750
374,284,758
375,284,769
376,284,751
86,285,760
87,285,772
88,285,766
89,285,769
90,285,758
91,285,764
92,285,753
93,285,775
94,285,762
95,285,778
96,285,754
97,285,772
98,285,759
99,285,764
100,285,752
101,285,767
102,285,753
103,285,772
104,285,755
105,285,775
106,285,749
107,285,764
108,285,751
109,285,773
110,285,759
111,285,775
112,285,761
113,285,756
114,285,757
115,285,764
116,285,753
117,285,760
118,285,766
119,285,767
120,285,765
121,285,766
122,285,775
123,285,753
124,285,775
125,285,763
126,285,778
127,285,756
128,285,769
129,285,755
130,285,761
131,285,766
132,285,758
133,285,756
134,285,770
135,285,769
136,285,764
137,285,761
138,285,761
139,285,761
140,285,772
141,285,763
142,285,775
143,285,764
144,285,761
145,285,765
146,285,763
147,285,768
148,285,771
149,285,759
150,285,768
151,285,763
152,285,774
153,285,766
154,285,782
155,285,777
156,285,765
157,285,774
158,285,762
159,285,761
160,285,759
161,285,758
162,285,765
163,285,767
164,285,772
165,285,765
166,285,764
167,285,767
168,285,760
169,285,773
170,285,767
171,285,764
172,285,755
173,285,767
174,285,764
175,285,768
176,285,770
177,285,759
178,285,770
179,285,760
180,285,779
181,285,774
182,285,771
183,285,768
184,285,765
185,285,774
186,285,762
187,285,768
188,285,761
189,285,772
190,285,764
191,285,759
192,285,759
193,285,776
194,285,769
195,285,760
196,285,770
197,285,762
198,285,773
199,285,758
200,285,765
201,285,769
202,285,754
203,285,771
204,285,753
205,285,769
206,285,771
207,285,767
208,285,779
209,285,753
210,285,778
211,285,763
212,285,775
213,285,772
214,285,761
215,285,779
216,285,759
217,285,784
218,285,769
219,285,784
220,285,764
221,285,782
222,285,789
223,285,781
224,285,784
225,285,781
226,285,789
227,285,777
228,285,793
229,285,801
230,285,781
231,285,799
232,285,784
233,285,791
234,285,780
235,285,788
236,285,775
237,285,776
238,285,781
239,285,775
240,285,798
241,285,773
242,285,798
243,285,772
244,285,766
245,285,784
246,285,780
247,285,780
248,285,763
249,285,775
250,285,765
251,285,769
252,285,780
253,285,763
254,285,787
255,285,756
256,285,788
257,285,771
258,285,777
259,285,781
260,285,773
261,285,782
262,285,777
263,285,778
264,285,783
265,285,793
266,285,792
267,285,778
268,285,793
269,285,808
270,285,810
271,285,783
272,285,827
273,285,836
274,285,847
275,285,883
276,285,899
277,285,939
278,285,1024
279,285,1138
280,285,1259
281,285,1421
282,285,1750
283,285,1979
284,285,2293
285,285,2655
286,285,3144
287,285,3647
288,285,4062
289,285,5068
290,285,5508
291,285,6263
292,285,6666
293,285,7146
294,285,7736
295,285,8303
296,285,9054
297,285,9442
298,285,9734
299,285,10143
300,285,10455
301,285,10923
302,285,11441
303,285,11735
304,285,11719
305,285,12233
306,285,12016
307,285,11892
308,285,11962
309,285,11467
310,285,11440
311,285,11044
312,285,10898
313,285,10793
314,285,10395
315,285,10098
316,285,9442
317,285,8939
318,285,8319
319,285,7827
320,285,7073
321,285,6358
322,285,5912
323,285,5239
324,285,4564
325,285,3857
326,285,3195
327,285,2573
328,285,2016
329,285,1703
330,285,1401
331,285,1256
332,285,1005
333,285,966
334,285,852
335,285,871
336,285,822
337,285,789
338,285,790
339,285,779
340,285,776
341,285,770
342,285,767
343,285,757
344,285,779
345,285,771
346,285,767
347,285,755
348,285,766
349,285,760
350,285,762
351,285,768
352,285,753
353,285,780
354,285,769
355,285,769
356,285,769
357,285,765
358,285,755
359,285,764
360,285,768
361,285,751
362,285,757
363,285,752
364,285,767
365,285,760
366,285,780
367,285,739
368,285,765
369,285,756
370,285,770
371,285,761
372,285,758
373,285,770
374,285,766
375,285,774
376,285,750
88,286,765
89,286,763
90,286,771
91,286,772
92,286,758
93,286,765
94,286,771
95,286,765
96,286,757
97,286,755
98,286,767
99,286,750
100,286,767
101,286,765
102,286,769
103,286,758
104,286,762
105,286,755
106,286,764
107,286,768
108,286,764
109,286,772
110,286,766
111,286,762
112,286,773
113,286,761
114,286,766
115,286,761
116,286,771
117,286,773
118,286,753
119,286,767
120,286,761
121,286,767
122,286,757
123,286,776
124,286,765
125,286,759
126,286,763
127,286,751
128,286,775
129,286,765
130,286,765
131,286,767
132,286,759
133,286,767
134,286,764
135,286,790
136,286,759
137,286,764
138,286,772
139,286,777
140,286,761
141,286,760
142,286,760
143,286,756
144,286,775
145,286,763
146,286,772
147,286,766
148,286,772
149,286,774
150,286,774
151,286,769
152,286,772
153,286,765
154,286,759
155,286,775
156,286,761
157,286,768
158,286,757
159,286,770
160,286,761
161,286,761
162,286,760
163,286,773
164,286,766
165,286,765
166,286,772
167,286,757
168,286,764
169,286,765
170,286,777
171,286,764
172,286,770
173,286,769
174,286,760
175,286,772
176,286,760
177,286,773
178,286,757
179,286,766
180,286,763
181,286,766
182,286,771
183,286,766
184,286,776
185,286,764
186,286,777
187,286,760
188,286,770
189,286,757
190,286,770
191,286,769
192,286,753
193,286,765
194,286,759
195,286,777
196,286,765
197,286,765
198,286,777
199,286,762
200,286,777
201,286,764
202,286,766
203,286,759
204,286,775
205,286,769
206,286,760
207,286,771
208,286,761
209,286,773
210,286,769
211,286,765
212,286,770
213,286,770
214,286,770
215,286,763
216,286,767
217,286,775
218,286,775
219,286,777
220,286,783
221,286,779
222,286,777
223,286,779
224,286,764
225,286,779
226,286,796
227,286,773
228,286,767
229,286,775
230,286,774
231,286,776
232,286,784
233,286,782
234,286,778
235,286,790
236,286,797
237,286,796
238,286,787
239,286,783
240,286,780
241,286,802
242,286,795
243,286,791
244,286,792
245,286,780
246,286,785
247,286,791
248,286,772
249,286,793
250,286,775
251,286,776
252,286,788
253,286,775
254,286,785
255,286,782
256,286,778
257,286,796
258,286,790
259,286,809
260,286,777
261,286,793
262,286,796
263,286,817
264,286,831
265,286,792
266,286,809
267,286,784
268,286,790
269,286,800
270,286,795
271,286,817
272,286,811
273,286,840
274,286,848
275,286,893
276,286,890
277,286,924
278,286,992
279,286,1125
280,286,1278
281,286,1455
282,286,1682
283,286,1943
284,286,2233
285,286,2572
286,286,3069
287,286,3536
288,286,3995
289,286,4799
290,286,5357
291,286,5906
292,286,6188
293,286,6956
294,286,7201
295,286,8037
296,286,8536
297,286,8870
298,286,9253
299,286,9852
300,286,10187
301,286,10248
302,286,10632
303,286,11071
304,286,11222
305,286,11429
306,286,11424
307,286,11525
308,286,10988
309,286,10957
310,286,11077
311,286,10708
312,286,10748
313,286,10482
314,286,9885
315,286,9547
316,286,8966
317,286,8349
318,286,7810
319,286,7168
320,286,6783
321,286,5780
322,286,5208
323,286,4830
324,286,4284
325,286,3549
326,286,2893
327,286,2228
328,286,1782
329,286,1455
330,286,1290
331,286,1102
332,286,1017
333,286,899
334,286,890
335,286,849
336,286,815
337,286,828
338,286,777
339,286,784
340,286,776
341,286,774
342,286,780
343,286,762
344,286,771
345,286,757
346,286,759
347,286,766
348,286,775
349,286,758
350,286,772
351,286,776
352,286,765
353,286,763
354,286,763
355,286,759
356,286,756
357,286,763
358,286,761
359,286,759
360,286,762
361,286,744
362,286,755
363,286,756
364,286,777
365,286,760
366,286,758
367,286,769
368,286,767
369,286,753
370,286,756
371,286,749
372,286,763
373,286,754
374,286,760
375,286,766
90,287,766
91,287,755
92,287,775
93,287,753
94,287,777
95,287,766
96,287,761
97,287,751
98,287,761
99,287,764
100,287,757
101,287,764
102,287,766
103,287,775
104,287,743
105,287,775
106,287,755
107,287,774
108,287,748
109,287,760
110,287,741
111,287,771
112,287,760
113,287,770
114,287,761
115,287,763
116,287,756
117,287,769
118,287,757
119,287,772
120,287,766
121,287,772
122,287,752
123,287,774
124,287,774
125,287,770
126,287,763
127,287,770
128,287,771
129,287,763
130,287,775
131,287,759
132,287,774
133,287,756
134,287,765
135,287,762
136,287,759
137,287,767
138,287,756
139,287,770
140,287,756
141,287,764
142,287,762
143,287,762
144,287,771
145,287,762
146,287,765
147,287,766
148,287,760
149,287,760
150,287,764
151,287,772
152,287,770
153,287,763
154,287,773
155,287,767
156,287,770
157,287,766
158,287,760
159,287,772
160,287,768
161,287,764
162,287,772
163,287,775
164,287,780
165,287,771
166,287,772
167,287,760
168,287,770
169,287,768
170,287,776
171,287,768
172,287,778
173,287,766
174,287,766
175,287,779
176,287,765
177,287,781
178,287,767
179,287,767
180,287,768
181,287,760
182,287,772
183,287,760
184,287,785
185,287,764
186,287,755
187,287,753
188,287,765
189,287,770
190,287,756
191,287,760
192,287,766
193,287,771
194,287,771
195,287,761
196,287,765
197,287,764
198,287,765
199,287,758
200,287,782
201,287,756
202,287,767
203,287,769
204,287,762
205,287,776
206,287,757
207,287,774
208,287,747
209,287,777
210,287,762
211,287,760
212,287,782
213,287,755
214,287,769
215,287,759
216,287,764
217,287,760
218,287,772
219,287,785
220,287,758
221,287,797
222,287,769
223,287,796
224,287,778
225,287,780
226,287,792
227,287,778
228,287,809
229,287,778
230,287,780
231,287,793
232,287,789
233,287,795
234,287,777
235,287,798
236,287,802
237,287,798
238,287,785
239,287,786
240,287,788
241,287,782
242,287,789
243,287,780
244,287,797
245,287,759
246,287,769
247,287,765
248,287,768
249,287,786
250,287,762
251,287,797
252,287,761
253,287,781
254,287,773
255,287,764
256,287,792
257,287,779
258,287,807
259,287,790
260,287,811
261,287,815
262,287,821
263,287,861
264,287,835
265,287,814
266,287,796
267,287,800
268,287,781
269,287,800
270,287,815
271,287,808
272,287,822
273,287,826
274,287,858
275,287,848
276,287,902
277,287,937
278,287,970
279,287,1066
280,287,1272
281,287,1432
282,287,1615
283,287,1854
284,287,2165
285,287,2601
286,287,2940
287,287,3382
288,287,4003
289,287,4580
290,287,5043
291,287,5409
292,287,5758
293,287,6396
294,287,7109
295,287,7352
296,287,8012
297,287,8223
298,287,8714
299,287,9255
300,287,9569
301,287,9475
302,287,10136
303,287,10417
304,287,10678
305,287,10916
306,287,10729
307,287,10593
308,287,10274
309,287,10365
310,287,10237
311,287,10059
312,287,9889
313,287,9520
314,287,9214
315,287,8873
316,287,8594
317,287,7913
318,287,7148
319,287,6671
320,287,5872
321,287,5258
322,287,4759
323,287,4242
324,287,3620
325,287,2956
326,287,2505
327,287,1999
328,287,1654
329,287,1279
330,287,1142
331,287,1073
332,287,973
333,287,903
334,287,843
335,287,797
336,287,816
337,287,797
338,287,776
339,287,784
340,287,781
341,287,769
342,287,769
343,287,766
344,287,761
345,287,746
346,287,773
347,287,748
348,287,772
349,287,747
350,287,768
351,287,770
352,287,762
353,287,781
354,287,755
355,287,768
356,287,755
357,287,770
358,287,756
359,287,770
360,287,759
361,287,766
362,287,756
363,287,769
364,287,759
365,287,761
366,287,756
367,287,765
368,287,758
369,287,762
370,287,783
371,287,754
372,287,777
373,287,746
374,287,769
91,288,762
92,288,754
93,288,770
94,288,765
95,288,766
96,288,761
97,288,768
98,288,766
99,288,760
100,288,760
101,288,762
102,288,760
103,288,776
104,288,764
105,288,777
106,288,762
107,288,772
108,288,754
109,288,762
110,288,751
111,288,767
112,288,766
113,288,771
114,288,772
115,288,756
116,288,773
117,288,756
118,288,771
119,288,757
120,288,778
121,288,768
122,288,775
123,288,768
124,288,764
125,288,765
126,288,764
127,288,762
128,288,782
129,288,769
130,288,763
131,288,760
132,288,763
133,288,768
134,288,759
135,288,778
136,288,761
137,288,784
138,288,761
139,288,784
140,288,760
141,288,763
142,288,759
143,288,770
144,288,766
145,288,769
146,288,779
147,288,770
148,288,765
149,288,763
150,288,772
151,288,761
152,288,784
153,288,764
154,288,761
155,288,774
156,288,760
157,288,774
158,288,764
159,288,769
160,288,753
161,288,766
162,288,761
163,288,767
164,288,764
165,288,765
166,288,749
167,288,769
168,288,773
169,288,760
170,288,777
171,288,751
172,288,776
173,288,754
174,288,765
175,288,763
176,288,771
177,288,781
178,288,758
179,288,786
180,288,763
181,288,775
182,288,765
183,288,753
184,288,778
185,288,761
186,288,771
187,288,759
188,288,772
189,288,771
190,288,776
191,288,766
192,288,774
193,288,765
194,288,763
195,288,780
196,288,765
197,288,764
198,288,765
199,288,767
200,288,758
201,288,763
202,288,766
203,288,762
204,288,764
205,288,766
206,288,760
207,288,758
208,288,764
209,288,774
210,288,766
211,288,775
212,288,753
213,288,764
214,288,759
215,288,760
216,288,772
217,288,771
218,288,776
219,288,763
220,288,772
221,288,788
222,288,780
223,288,786
224,288,784
225,288,788
226,288,790
227,288,783
228,288,796
229,288,789
230,288,801
231,288,798
232,288,782
233,288,802
234,288,782
235,288,795
236,288,804
237,288,771
238,288,800
239,288,780
240,288,794
241,288,782
242,288,791
243,288,798
244,288,780
245,288,796
246,288,772
247,288,780
248,288,773
249,288,773
250,288,768
251,288,776
252,288,769
253,288,777
254,288,793
255,288,775
256,288,792
257,288,790
258,288,822
259,288,837
260,288,848
261,288,850
262,288,864
263,288,861
264,288,836
265,288,816
266,288,806
267,288,785
268,288,805
269,288,781
270,288,791
271,288,797
272,288,814
273,288,815
274,288,852
275,288,861
276,288,884
277,288,939
278,288,978
279,288,1152
280,288,1249
281,288,1455
282,288,1616
283,288,1794
284,288,2072
285,288,2522
286,288,2945
287,288,3327
288,288,3710
289,288,4166
290,288,4750
291,288,4899
292,288,5401
293,288,5967
294,288,6649
295,288,6972
296,288,7247
297,288,7753
298,288,7874
299,288,8267
300,288,8827
301,288,9195
302,288,9506
303,288,9859
304,288,9778
305,288,10195
306,288,10068
307,288,9863
308,288,9847
309,288,9682
310,288,9532
311,288,9247
312,288,9270
313,288,9062
314,288,8883
315,288,8521
316,288,7833
317,288,7324
318,288,6768
319,288,6303
320,288,5424
321,288,4916
322,288,4221
323,288,3723
324,288,3240
325,288,2742
326,288,2157
327,288,1815
328,288,1472
329,288,1198
330,288,1069
331,288,1020
332,288,941
333,288,847
334,288,854
335,288,830
336,288,834
337,288,791
338,288,790
339,288,777
340,288,781
341,288,771
342,288,762
343,288,765
344,288,759
345,288,772
346,288,762
347,288,763
348,288,771
349,288,765
350,288,764
351,288,758
352,288,761
353,288,767
354,288,752
355,288,771
356,288,753
357,288,758
358,288,758
359,288,760
360,288,749
361,288,749
362,288,756
363,288,763
364,288,768
365,288,755
366,288,761
367,288,771
368,288,750
369,288,773
370,288,770
371,288,778
372,288,765
373,288,765
93,289,755
94,289,763
95,289,754
96,289,768
97,289,761
98,289,767
99,289,762
100,289,780
101,289,754
102,289,772
103,289,751
104,289,783
105,289,759
106,289,769
107,289,764
108,289,775
109,289,754
110,289,762
111,289,765
112,289,773
113,289,772
114,289,756
115,289,761
116,289,767
117,289,763
118,289,760
119,289,752
120,289,761
121,289,763
122,289,766
123,289,766
124,289,758
125,289,776
126,289,758
127,289,775
128,289,748
129,289,761
130,289,755
131,289,767
132,289,757
133,289,766
134,289,771
135,289,758
136,289,766
137,289,763
138,289,772
139,289,765
140,289,763
141,289,765
142,289,762
143,289,765
144,289,763
145,289,763
146,289,757
147,289,771
148,289,775
149,289,765
150,289,768
151,289,758
152,289,767
153,289,768
154,289,760
155,289,772
156,289,765
157,289,773
158,289,764
159,289,773
160,289,764
161,289,765
162,289,775
163,289,763
164,289,777
165,289,759
166,289,772
167,289,778
168,289,768
169,289,774
170,289,763
171,289,763
172,289,765
173,289,766
174,289,770
175,289,762
176,289,765
177,289,773
178,289,768
179,289,765
180,289,755
181,289,766
182,289,763
183,289,759
184,289,773
185,289,758
186,289,769
187,289,755
188,289,754
189,289,765
190,289,764
191,289,781
192,289,761
193,289,768
194,289,756
195,289,769
196,289,763
197,289,773
198,289,774
199,289,778
200,289,768
201,289,765
202,289,768
203,289,766
204,289,767
205,289,772
206,289,760
207,289,768
208,289,765
209,289,771
210,289,770
211,289,765
212,289,768
213,289,765
214,289,777
215,289,775
216,289,771
217,289,764
218,289,768
219,289,763
220,289,778
221,289,772
222,289,776
223,289,803
224,289,785
225,289,786
226,289,784
227,289,808
228,289,801
229,289,775
230,289,791
231,289,781
232,289,785
233,289,782
234,289,778
235,289,782
236,289,782
237,289,783
238,289,800
239,289,784
240,289,791
241,289,793
242,289,790
243,289,785
244,289,796
245,289,787
246,289,796
247,289,780
248,289,794
249,289,772
250,289,780
251,289,783
252,289,778
253,289,776
254,289,774
255,289,789
256,289,797
257,289,810
258,289,827
259,289,838
260,289,885
261,289,854
262,289,849
263,289,805
264,289,836
265,289,802
266,289,792
267,289,808
268,289,778
269,289,785
270,289,799
271,289,783
272,289,808
273,289,808
274,289,839
275,289,850
276,289,860
277,289,936
278,289,939
279,289,1062
280,289,1213
281,289,1363
282,289,1514
283,289,1687
284,289,1961
285,289,2284
286,289,2584
287,289,2926
288,289,3369
289,289,3918
290,289,4323
291,289,4736
292,289,5196
293,289,5541
294,289,5993
295,289,6371
296,289,6772
297,289,6903
298,289,6931
299,289,7409
300,289,7960
301,289,8311
302,289,8734
303,289,8792
304,289,9090
305,289,9241
306,289,9384
307,289,9301
308,289,9125
309,289,8973
310,289,9114
311,289,8819
312,289,8486
313,289,8201
314,289,8078
315,289,7453
316,289,7304
317,289,6628
318,289,6188
319,289,5694
320,289,4918
321,289,4355
322,289,3754
323,289,3166
324,289,2675
325,289,2214
326,289,1939
327,289,1622
328,289,1365
329,289,1159
330,289,1045
331,289,976
332,289,881
333,289,847
334,289,850
335,289,818
336,289,809
337,289,815
338,289,772
339,289,768
340,289,774
341,289,776
342,289,778
343,289,774
344,289,764
345,289,770
346,289,769
347,289,762
348,289,771
349,289,757
350,289,776
351,289,752
352,289,767
353,289,753
354,289,766
355,289,763
356,289,754
357,289,767
358,289,748
359,289,768
360,289,760
361,289,760
362,289,747
363,289,760
364,289,765
365,289,771
366,289,773
367,289,775
368,289,768
369,289,787
370,289,773
371,289,780
372,289,786
373,289,771
94,290,745
95,290,766
96,290,751
97,290,757
98,290,757
99,290,761
100,290,759
101,290,759
102,290,765
103,290,750
104,290,761
105,290,748
106,290,771
107,290,758
108,290,750
109,290,757
110,290,762
111,290,769
112,290,750
113,290,755
114,290,759
115,290,766
116,290,756
117,290,775
118,290,761
119,290,771
120,290,763
121,290,761
122,290,772
123,290,759
124,290,768
125,290,758
126,290,758
127,290,755
128,290,766
129,290,768
130,290,766
131,290,756
132,290,764
133,290,758
134,290,766
135,290,757
136,290,776
137,290,758
138,290,762
139,290,760
140,290,758
141,290,761
142,290,750
143,290,748
144,290,751
145,290,762
146,290,746
147,290,753
148,290,742
149,290,753
150,290,762
151,290,758
152,290,761
153,290,753
154,290,772
155,290,745
156,290,769
157,290,764
158,290,760
159,290,765
160,290,752
161,290,765
162,290,765
163,290,768
164,290,763
165,290,758
166,290,762
167,290,759
168,290,758
169,290,760
170,290,755
171,290,769
172,290,761
173,290,752
174,290,772
175,290,752
176,290,770
177,290,761
178,290,775
179,290,765
180,290,754
181,290,765
182,290,752
183,290,771
184,290,761
185,290,761
186,290,761
187,290,755
188,290,774
189,290,759
190,290,765
191,290,762
192,290,757
193,290,756
194,290,743
195,290,769
196,290,763
197,290,762
198,290,758
199,290,759
200,290,754
201,290,762
202,290,761
203,290,768
204,290,770
205,290,771
206,290,762
207,290,769
208,290,757
209,290,768
210,290,774
211,290,759
212,290,765
213,290,757
214,290,771
215,290,776
216,290,758
217,290,785
218,290,767
219,290,762
220,290,784
221,290,779
222,290,797
223,290,814
224,290,801
225,290,797
226,290,771
227,290,800
228,290,781
229,290,786
230,290,792
231,290,781
232,290,789
233,290,787
234,290,793
235,290,790
236,290,788
237,290,781
238,290,771
239,290,778
240,290,794
241,290,786
242,290,785
243,290,791
244,290,782
245,290,785
246,290,774
247,290,779
248,290,769
249,290,763
250,290,778
251,290,773
252,290,788
253,290,780
254,290,780
255,290,785
256,290,810
257,290,813
258,290,814
259,290,855
260,290,860
261,290,852
262,290,829
263,290,790
264,290,787
265,290,775
266,290,784
267,290,786
268,290,785
269,290,782
270,290,796
271,290,815
272,290,817
273,290,802
274,290,845
275,290,842
276,290,871
277,290,901
278,290,932
279,290,1067
280,290,1140
281,290,1206
282,290,1414
283,290,1626
284,290,1749
285,290,1928
286,290,2242
287,290,2666
288,290,3046
289,290,3604
290,290,3992
291,290,4744
292,290,4812
293,290,5271
294,290,5384
295,290,5659
296,290,6009
297,290,6078
298,290,6370
299,290,6925
300,290,7268
301,290,7683
302,290,8223
303,290,8357
304,290,8539
305,290,8788
306,290,8578
307,290,8734
308,290,8425
309,290,8356
310,290,7967
311,290,7895
312,290,7927
313,290,7501
314,290,7231
315,290,6750
316,290,6532
317,290,6129
318,290,5482
319,290,4985
320,290,4476
321,290,3849
322,290,3263
323,290,2755
324,290,2352
325,290,1959
326,290,1666
327,290,1490
328,290,1228
329,290,1091
330,290,1031
331,290,916
332,290,898
333,290,842
334,290,799
335,290,826
336,290,787
337,290,791
338,290,771
339,290,769
340,290,780
341,290,769
342,290,766
343,290,757
344,290,755
345,290,768
346,290,760
347,290,756
348,290,753
349,290,750
350,290,757
351,290,746
352,290,758
353,290,764
354,290,761
355,290,762
356,290,763
357,290,761
358,290,758
359,290,758
360,290,760
361,290,762
362,290,758
363,290,751
364,290,755
365,290,751
366,290,775
367,290,764
368,290,776
369,290,785
370,290,795
371,290,806
372,290,801
96,291,766
97,291,768
98,291,760
99,291,766
100,291,755
101,291,771
102,291,759
103,291,767
104,291,752
105,291,760
106,291,779
107,291,745
108,291,768
109,291,759
110,291,772
111,291,760
112,291,758
113,291,765
114,291,759
115,291,768
116,291,760
117,291,756
118,291,763
119,291,759
120,291,763
121,291,774
122,291,768
123,291,767
124,291,753
125,291,762
126,291,762
127,291,764
128,291,764
129,291,761
130,291,772
131,291,764
132,291,770
133,291,770
134,291,768
135,291,763
136,291,760
137,291,767
138,291,760
139,291,768
140,291,761
141,291,758
142,291,766
143,291,754
144,291,768
145,291,755
146,291,751
147,291,771
148,291,754
149,291,768
150,291,756
151,291,771
152,291,753
153,291,760
154,291,762
155,291,751
156,291,759
157,291,757
158,291,758
159,291,772
160,291,760
161,291,776
162,291,750
163,291,762
164,291,763
165,291,758
166,291,767
167,291,761
168,291,762
169,291,764
170,291,771
171,291,767
172,291,768
173,291,764
174,291,761
175,291,763
176,291,772
177,291,770
178,291,756
179,291,770
180,291,760
181,291,763
182,291,767
183,291,755
184,291,770
185,291,760
186,291,773
187,291,761
188,291,763
189,291,754
190,291,755
191,291,758
192,291,768
193,291,767
194,291,756
195,291,767
196,291,748
197,291,768
198,291,763
199,291,765
200,291,766
201,291,748
202,291,772
203,291,754
204,291,766
205,291,758
206,291,771
207,291,758
208,291,749
209,291,763
210,291,756
211,291,761
212,291,769
213,291,764
214,291,772
215,291,759
216,291,772
217,291,770
218,291,768
219,291,780
220,291,778
221,291,770
222,291,796
223,291,815
224,291,805
225,291,819
226,291,801
227,291,799
228,291,789
229,291,781
230,291,800
231,291,784
232,291,799
233,291,780
234,291,796
235,291,796
236,291,795
237,291,800
238,291,787
239,291,806
240,291,792
241,291,793
242,291,791
243,291,798
244,291,793
245,291,774
246,291,783
247,291,766
248,291,788
249,291,784
250,291,771
251,291,775
252,291,775
253,291,779
254,291,773
255,291,776
256,291,787
257,291,782
258,291,842
259,291,829
260,291,843
261,291,825
262,291,811
263,291,813
264,291,790
265,291,793
266,291,775
267,291,784
268,291,773
269,291,801
270,291,791
271,291,803
272,291,808
273,291,804
274,291,834
275,291,828
276,291,861
277,291,896
278,291,942
279,291,1033
280,291,1111
281,291,1261
282,291,1408
283,291,1496
284,291,1662
285,291,1854
286,291,2073
287,291,2390
288,291,2863
289,291,3345
290,291,3876
291,291,4249
292,291,4457
293,291,4768
294,291,5168
295,291,5413
296,291,5673
297,291,5601
298,291,6040
299,291,6218
300,291,6474
301,291,7147
302,291,7285
303,291,7505
304,291,7770
305,291,7933
306,291,8124
307,291,8141
308,291,8077
309,291,7874
310,291,7674
311,291,7525
312,291,7066
313,291,6825
314,291,6391
315,291,6236
316,291,5684
317,291,5302
318,291,5092
319,291,4597
320,291,4031
321,291,3412
322,291,2739
323,291,2266
324,291,1973
325,291,1772
326,291,1499
327,291,1332
328,291,1196
329,291,1040
330,291,962
331,291,895
332,291,868
333,291,839
334,291,826
335,291,807
336,291,783
337,291,801
338,291,759
339,291,772
340,291,770
341,291,761
342,291,774
343,291,753
344,291,763
345,291,756
346,291,762
347,291,761
348,291,756
349,291,761
350,291,755
351,291,760
352,291,754
353,291,750
354,291,767
355,291,752
356,291,765
357,291,759
358,291,749
359,291,765
360,291,749
361,291,769
362,291,749
363,291,767
364,291,751
365,291,750
366,291,759
367,291,768
368,291,763
369,291,786
370,291,791
371,291,781
97,292,769
98,292,748
99,292,774
100,292,755
101,292,768
102,292,764
103,292,765
104,292,759
105,292,765
106,292,762
107,292,770
108,292,754
109,292,761
110,292,767
111,292,771
112,292,765
113,292,774
114,292,781
115,292,771
116,292,764
117,292,758
118,292,763
119,292,767
120,292,763
121,292,762
122,292,766
123,292,759
124,292,762
125,292,776
126,292,766
127,292,764
128,292,763
129,292,769
130,292,767
131,292,753
132,292,767
133,292,754
134,292,769
135,292,771
136,292,765
137,292,777
138,292,774
139,292,776
140,292,755
141,292,771
142,292,753
143,292,771
144,292,765
145,292,751
146,292,781
147,292,757
148,292,768
149,292,767
150,292,766
151,292,779
152,292,764
153,292,767
154,292,769
155,292,761
156,292,783
157,292,762
158,292,771
159,292,761
160,292,773
161,292,770
162,292,768
163,292,783
164,292,759
165,292,778
166,292,768
167,292,763
168,292,765
169,292,761
170,292,767
171,292,754
172,292,757
173,292,761
174,292,763
175,292,763
176,292,763
177,292,763
178,292,764
179,292,762
180,292,767
181,292,778
182,292,768
183,292,767
184,292,767
185,292,765
186,292,755
187,292,769
188,292,763
189,292,758
190,292,773
191,292,773
192,292,775
193,292,750
194,292,775
195,292,757
196,292,770
197,292,764
198,292,768
199,292,777
200,292,763
201,292,772
202,292,766
203,292,769
204,292,776
205,292,762
206,292,777
207,292,769
208,292,772
209,292,774
210,292,769
211,292,776
212,292,770
213,292,760
214,292,783
215,292,773
216,292,773
217,292,780
218,292,781
219,292,790
220,292,784
221,292,817
222,292,835
223,292,847
224,292,885
225,292,861
226,292,851
227,292,818
228,292,801
229,292,782
230,292,792
231,292,780
232,292,777
233,292,803
234,292,778
235,292,807
236,292,785
237,292,798
238,292,796
239,292,786
240,292,793
241,292,790
242,292,787
243,292,789
244,292,778
245,292,787
246,292,782
247,292,782
248,292,774
249,292,784
250,292,772
251,292,772
252,292,769
253,292,794
254,292,782
255,292,789
256,292,810
257,292,793
258,292,819
259,292,816
260,292,821
261,292,848
262,292,791
263,292,807
264,292,784
265,292,785
266,292,794
267,292,777
268,292,793
269,292,786
270,292,796
271,292,806
272,292,795
273,292,811
274,292,823
275,292,827
276,292,871
277,292,871
278,292,946
279,292,999
280,292,1105
281,292,1259
282,292,1364
283,292,1449
284,292,1553
285,292,1641
286,292,1964
287,292,2156
288,292,2516
289,292,2994
290,292,3310
291,292,3796
292,292,4134
293,292,4273
294,292,4565
295,292,4965
296,292,5169
297,292,5394
298,292,5534
299,292,5534
300,292,5833
301,292,6104
302,292,6720
303,292,6821
304,292,6949
305,292,7090
306,292,7245
307,292,7219
308,292,7516
309,292,7293
310,292,7045
311,292,6767
312,292,6435
313,292,6369
314,292,5840
315,292,5595
316,292,5049
317,292,4866
318,292,4514
319,292,4155
320,292,3625
321,292,3022
322,292,2559
323,292,2056
324,292,1804
325,292,1602
326,292,1352
327,292,1259
328,292,1116
329,292,1038
330,292,934
331,292,904
332,292,874
333,292,836
334,292,816
335,292,797
336,292,781
337,292,773
338,292,781
339,292,783
340,292,772
341,292,768
342,292,776
343,292,757
344,292,769
345,292,766
346,292,759
347,292,779
348,292,766
349,292,766
350,292,766
351,292,766
352,292,764
353,292,768
354,292,776
355,292,768
356,292,758
357,292,773
358,292,759
359,292,761
360,292,782
361,292,758
362,292,771
363,292,769
364,292,764
365,292,759
366,292,765
367,292,769
368,292,757
369,292,791
370,292,778
99,293,763
100,293,752
101,293,757
102,293,747
103,293,761
104,293,771
105,293,744
106,293,759
107,293,756
108,293,764
109,293,751
110,293,771
111,293,755
112,293,768
113,293,759
114,293,768
115,293,753
116,293,765
117,293,761
118,293,765
119,293,758
120,293,767
121,293,747
122,293,768
123,293,762
124,293,767
125,293,770
126,293,752
127,293,782
128,293,755
129,293,774
130,293,762
131,293,769
132,293,762
133,293,756
134,293,753
135,293,757
136,293,760
137,293,762
138,293,770
139,293,767
140,293,763
141,293,753
142,293,766
143,293,754
144,293,769
145,293,743
146,293,769
147,293,749
148,293,763
149,293,763
150,293,762
151,293,766
152,293,749
153,293,772
154,293,756
155,293,769
156,293,757
157,293,770
158,293,749
159,293,768
160,293,763
161,293,761
162,293,769
163,293,763
164,293,770
165,293,757
166,293,769
167,293,760
168,293,758
169,293,762
170,293,754
171,293,765
172,293,768
173,293,763
174,293,763
175,293,761
176,293,762
177,293,762
178,293,758
179,293,765
180,293,757
181,293,764
182,293,767
183,293,746
184,293,758
185,293,749
186,293,764
187,293,761
188,293,766
189,293,767
190,293,756
191,293,770
192,293,758
193,293,763
194,293,775
195,293,753
196,293,766
197,293,759
198,293,760
199,293,764
200,293,755
201,293,770
202,293,755
203,293,752
204,293,772
205,293,749
206,293,762
207,293,755
208,293,756
209,293,772
210,293,759
211,293,771
212,293,753
213,293,763
214,293,761
215,293,772
216,293,765
217,293,765
218,293,780
219,293,761
220,293,804
221,293,836
222,293,899
223,293,949
224,293,982
225,293,942
226,293,866
227,293,856
228,293,791
229,293,785
230,293,766
231,293,780
232,293,787
233,293,797
234,293,791
235,293,798
236,293,812
237,293,784
238,293,802
239,293,791
240,293,806
241,293,800
242,293,793
243,293,792
244,293,804
245,293,800
246,293,779
247,293,770
248,293,802
249,293,767
250,293,790
251,293,773
252,293,782
253,293,772
254,293,773
255,293,779
256,293,765
257,293,782
258,293,774
259,293,791
260,293,793
261,293,787
262,293,784
263,293,778
264,293,777
265,293,787
266,293,777
267,293,770
268,293,781
269,293,774
270,293,788
271,293,805
272,293,783
273,293,828
274,293,812
275,293,822
276,293,831
277,293,864
278,293,923
279,293,950
280,293,1044
281,293,1120
282,293,1228
283,293,1337
284,293,1479
285,293,1572
286,293,1758
287,293,1884
288,293,2263
289,293,2575
290,293,3000
291,293,3342
292,293,3548
293,293,3952
294,293,4116
295,293,4397
296,293,4734
297,293,4682
298,293,4727
299,293,5012
300,293,5191
301,293,5506
302,293,5791
303,293,5948
304,293,6235
305,293,6396
306,293,6527
307,293,6632
308,293,6650
309,293,6710
310,293,6313
311,293,6165
312,293,5929
313,293,5683
314,293,5434
315,293,4897
316,293,4622
317,293,4354
318,293,4057
319,293,3783
320,293,3232
321,293,2761
322,293,2276
323,293,1801
324,293,1585
325,293,1364
326,293,1266
327,293,1145
328,293,1027
329,293,984
330,293,925
331,293,878
332,293,835
333,293,811
334,293,817
335,293,781
336,293,787
337,293,781
338,293,765
339,293,782
340,293,754
341,293,771
342,293,750
343,293,770
344,293,761
345,293,768
346,293,758
347,293,765
348,293,770
349,293,758
350,293,775
351,293,756
352,293,762
353,293,749
354,293,762
355,293,763
356,293,759
357,293,766
358,293,764
359,293,759
360,293,762
361,293,756
362,293,759
363,293,761
364,293,763
365,293,761
366,293,760
367,293,774
368,293,762
369,293,778
370,293,758
100,294,770
101,294,765
102,294,771
103,294,749
104,294,770
105,294,763
106,294,766
107,294,769
108,294,762
109,294,772
110,294,756
111,294,758
112,294,756
113,294,778
114,294,751
115,294,773
116,294,760
117,294,773
118,294,760
119,294,778
120,294,766
121,294,760
122,294,772
123,294,764
124,294,775
125,294,768
126,294,761
127,294,776
128,294,751
129,294,764
130,294,765
131,294,770
132,294,758
133,294,752
134,294,770
135,294,754
136,294,777
137,294,760
138,294,786
139,294,763
140,294,779
141,294,771
142,294,765
143,294,771
144,294,761
145,294,777
146,294,765
147,294,781
148,294,766
149,294,767
150,294,760
151,294,775
152,294,772
153,294,765
154,294,766
155,294,763
156,294,766
157,294,767
158,294,764
159,294,752
160,294,773
161,294,762
162,294,780
163,294,759
164,294,774
165,294,763
166,294,757
167,294,762
168,294,761
169,294,766
170,294,770
171,294,771
172,294,755
173,294,773
174,294,764
175,294,753
176,294,773
177,294,756
178,294,778
179,294,757
180,294,758
181,294,759
182,294,763
183,294,770
184,294,762
185,294,761
186,294,755
187,294,763
188,294,758
189,294,759
190,294,757
191,294,763
192,294,753
193,294,765
194,294,769
195,294,757
196,294,775
197,294,756
198,294,775
199,294,749
200,294,767
201,294,773
202,294,753
203,294,779
204,294,755
205,294,767
206,294,766
207,294,761
208,294,766
209,294,767
210,294,779
211,294,770
212,294,772
213,294,762
214,294,763
215,294,757
216,294,772
217,294,774
218,294,760
219,294,786
220,294,818
221,294,905
222,294,923
223,294,977
224,294,992
225,294,974
226,294,900
227,294,861
228,294,822
229,294,780
230,294,787
231,294,785
232,294,804
233,294,762
234,294,777
235,294,786
236,294,790
237,294,799
238,294,792
239,294,811
240,294,802
241,294,773
242,294,802
243,294,790
244,294,785
245,294,801
246,294,781
247,294,801
248,294,784
249,294,784
250,294,794
251,294,777
252,294,780
253,294,774
254,294,776
255,294,791
256,294,770
257,294,790
258,294,784
259,294,770
260,294,776
261,294,772
262,294,769
263,294,772
264,294,769
265,294,785
266,294,782
267,294,791
268,294,788
269,294,785
270,294,770
271,294,783
272,294,812
273,294,811
274,294,811
275,294,813
276,294,842
277,294,842
278,294,886
279,294,931
280,294,964
281,294,1082
282,294,1160
283,294,1223
284,294,1410
285,294,1458
286,294,1590
287,294,1857
288,294,1990
289,294,2155
290,294,2535
291,294,2697
292,294,3160
293,294,3206
294,294,3505
295,294,3766
296,294,3865
297,294,3813
298,294,3866
299,294,4174
300,294,4449
301,294,4729
302,294,5097
303,294,5374
304,294,5547
305,294,5627
306,294,5778
307,294,5935
308,294,5912
309,294,6066
310,294,5929
311,294,5844
312,294,5329
313,294,5085
314,294,4761
315,294,4582
316,294,4258
317,294,3869
318,294,3619
319,294,3272
320,294,2795
321,294,2262
322,294,1889
323,294,1590
324,294,1421
325,294,1273
326,294,1170
327,294,1093
328,294,1017
329,294,954
330,294,883
331,294,862
332,294,852
333,294,818
334,294,792
335,294,817
336,294,786
337,294,787
338,294,769
339,294,771
340,294,770
341,294,774
342,294,782
343,294,776
344,294,770
345,294,765
346,294,757
347,294,763
348,294,769
349,294,757
350,294,764
351,294,756
352,294,755
353,294,761
354,294,772
355,294,774
356,294,747
357,294,776
358,294,764
359,294,766
360,294,760
361,294,774
362,294,760
363,294,748
364,294,779
365,294,740
366,294,770
367,294,747
368,294,771
369,294,751
102,295,754
103,295,776
104,295,765
105,295,763
106,295,767
107,295,756
108,295,768
109,295,769
110,295,780
111,295,756
112,295,764
113,295,770
114,295,750
115,295,770
116,295,751
117,295,779
118,295,763
119,295,767
120,295,765
121,295,758
122,295,782
123,295,754
124,295,768
125,295,744
126,295,770
127,295,752
128,295,764
129,295,756
130,295,761
131,295,772
132,295,760
133,295,775
134,295,756
135,295,778
136,295,756
137,295,766
138,295,752
139,295,776
140,295,763
141,295,766
142,295,763
143,295,765
144,295,771
145,295,762
146,295,768
147,295,768
148,295,767
149,295,753
150,295,775
151,295,763
152,295,771
153,295,762
154,295,764
155,295,764
156,295,761
157,295,768
158,295,766
159,295,784
160,295,742
161,295,781
162,295,755
163,295,767
164,295,770
165,295,759
166,295,768
167,295,763
168,295,784
169,295,764
170,295,770
171,295,764
172,295,761
173,295,768
174,295,767
175,295,773
176,295,771
177,295,764
178,295,768
179,295,765
180,295,756
181,295,770
182,295,751
183,295,765
184,295,763
185,295,760
186,295,763
187,295,756
188,295,766
189,295,749
190,295,766
191,295,761
192,295,762
193,295,763
194,295,751
195,295,762
196,295,749
197,295,765
198,295,766
199,295,759
200,295,768
201,295,757
202,295,773
203,295,757
204,295,768
205,295,767
206,295,758
207,295,755
208,295,752
209,295,759
210,295,759
211,295,767
212,295,773
213,295,755
214,295,768
215,295,757
216,295,759
217,295,776
218,295,773
219,295,792
220,295,828
221,295,862
222,295,922
223,295,911
224,295,903
225,295,869
226,295,844
227,295,836
228,295,812
229,295,796
230,295,787
231,295,796
232,295,781
233,295,780
234,295,787
235,295,799
236,295,785
237,295,788
238,295,788
239,295,780
240,295,782
241,295,780
242,295,791
243,295,796
244,295,778
245,295,793
246,295,771
247,295,798
248,295,774
249,295,780
250,295,768
251,295,761
252,295,779
253,295,760
254,295,789
255,295,755
256,295,776
257,295,774
258,295,764
259,295,788
260,295,773
261,295,787
262,295,784
263,295,768
264,295,769
265,295,779
266,295,782
267,295,782
268,295,786
269,295,778
270,295,785
271,295,781
272,295,813
273,295,794
274,295,816
275,295,822
276,295,822
277,295,859
278,295,849
279,295,938
280,295,970
281,295,1046
282,295,1186
283,295,1212
284,295,1338
285,295,1363
286,295,1564
287,295,1670
288,295,1886
289,295,2043
290,295,2232
291,295,2480
292,295,2727
293,295,2895
294,295,3076
295,295,3065
296,295,3198
297,295,3224
298,295,3316
299,295,3571
300,295,3832
301,295,4131
302,295,4273
303,295,4813
304,295,4787
305,295,5048
306,295,5068
307,295,5162
308,295,5230
309,295,5413
310,295,5234
311,295,5086
312,295,4823
313,295,4563
314,295,4214
315,295,3876
316,295,3615
317,295,3451
318,295,3191
319,295,2697
320,295,2323
321,295,1979
322,295,1656
323,295,1410
324,295,1254
325,295,1162
326,295,1085
327,295,1036
328,295,907
329,295,916
330,295,871
331,295,852
332,295,839
333,295,792
334,295,802
335,295,795
336,295,786
337,295,783
338,295,776
339,295,769
340,295,775
341,295,763
342,295,769
343,295,758
344,295,776
345,295,764
346,295,767
347,295,772
348,295,758
349,295,768
350,295,755
351,295,771
352,295,768
353,295,762
354,295,769
355,295,758
356,295,780
357,295,756
358,295,775
359,295,760
360,295,769
361,295,774
362,295,767
363,295,764
364,295,766
365,295,770
366,295,780
367,295,760
368,295,768
103,296,759
104,296,753
105,296,763
106,296,763
107,296,761
108,296,763
109,296,758
110,296,770
111,296,753
112,296,770
113,296,750
114,296,767
115,296,757
116,296,768
117,296,770
118,296,758
119,296,759
120,296,762
121,296,768
122,296,751
123,296,759
124,296,763
125,296,764
126,296,756
127,296,762
128,296,770
129,296,762
130,296,767
131,296,768
132,296,764
133,296,775
134,296,750
135,296,777
136,296,761
137,296,773
138,296,767
139,296,760
140,296,764
141,296,758
142,296,764
143,296,762
144,296,775
145,296,758
146,296,769
147,296,756
148,296,758
149,296,770
150,296,759
151,296,774
152,296,753
153,296,766
154,296,765
155,296,768
156,296,765
157,296,770
158,296,764
159,296,759
160,296,756
161,296,762
162,296,763
163,296,760
164,296,757
165,296,766
166,296,768
167,296,753
168,296,768
169,296,750
170,296,777
171,296,761
172,296,758
173,296,771
174,296,741
175,296,795
176,296,751
177,296,771
178,296,773
179,296,751
180,296,769
181,296,754
182,296,780
183,296,748
184,296,768
185,296,758
186,296,762
187,296,755
188,296,760
189,296,754
190,296,760
191,296,761
192,296,758
193,296,767
194,296,749
195,296,768
196,296,773
197,296,761
198,296,782
199,296,753
200,296,776
201,296,762
202,296,768
203,296,756
204,296,768
205,296,767
206,296,766
207,296,771
208,296,763
209,296,774
210,296,753
211,296,776
212,296,766
213,296,760
214,296,782
215,296,751
216,296,786
217,296,761
218,296,779
219,296,813
220,296,819
221,296,869
222,296,835
223,296,855
224,296,855
225,296,837
226,296,822
227,296,814
228,296,796
229,296,811
230,296,784
231,296,779
232,296,770
233,296,785
234,296,811
235,296,781
236,296,818
237,296,812
238,296,778
239,296,805
240,296,776
241,296,803
242,296,800
243,296,773
244,296,794
245,296,769
246,296,784
247,296,794
248,296,796
249,296,779
250,296,769
251,296,777
252,296,765
253,296,772
254,296,775
255,296,777
256,296,776
257,296,767
258,296,767
259,296,769
260,296,779
261,296,771
262,296,775
263,296,779
264,296,758
265,296,774
266,296,787
267,296,775
268,296,787
269,296,774
270,296,770
271,296,796
272,296,791
273,296,818
274,296,826
275,296,794
276,296,836
277,296,827
278,296,863
279,296,884
280,296,934
281,296,1020
282,296,1068
283,296,1240
284,296,1346
285,296,1519
286,296,1627
287,296,1687
288,296,1781
289,296,1865
290,296,1965
291,296,2161
292,296,2313
293,296,2432
294,296,2461
295,296,2607
296,296,2657
297,296,2606
298,296,2864
299,296,2998
300,296,3208
301,296,3513
302,296,3907
303,296,4204
304,296,4143
305,296,4283
306,296,4152
307,296,4429
308,296,4449
309,296,4629
310,296,4636
311,296,4446
312,296,4394
313,296,4115
314,296,3699
315,296,3406
316,296,3162
317,296,2713
318,296,2530
319,296,2365
320,296,1897
321,296,1661
322,296,1400
323,296,1259
324,296,1109
325,296,1062
326,296,1006
327,296,955
328,296,920
329,296,890
330,296,865
331,296,833
332,296,832
333,296,792
334,296,815
335,296,798
336,296,778
337,296,797
338,296,761
339,296,788
340,296,759
341,296,767
342,296,777
343,296,764
344,296,773
345,296,762
346,296,761
347,296,760
348,296,763
349,296,752
350,296,769
351,296,747
352,296,771
353,296,759
354,296,769
355,296,763
356,296,764
357,296,767
358,296,749
359,296,778
360,296,758
361,296,768
362,296,757
363,296,773
364,296,772
365,296,767
366,296,747
367,296,775
368,296,761
105,297,774
106,297,752
107,297,770
108,297,763
109,297,764
110,297,770
111,297,769
112,297,764
113,297,760
114,297,761
115,297,773
116,297,744
117,297,771
118,297,752
119,297,777
120,297,754
121,297,766
122,297,775
123,297,763
124,297,764
125,297,760
126,297,768
127,297,767
128,297,779
129,297,764
130,297,763
131,297,755
132,297,778
133,297,770
134,297,777
135,297,765
136,297,779
137,297,753
138,297,766
139,297,771
140,297,761
141,297,774
142,297,752
143,297,772
144,297,762
145,297,765
146,297,770
147,297,762
148,297,777
149,297,770
150,297,764
151,297,769
152,297,772
153,297,764
154,297,756
155,297,756
156,297,773
157,297,754
158,297,777
159,297,765
160,297,770
161,297,768
162,297,749
163,297,768
164,297,759
165,297,778
166,297,766
167,297,765
168,297,767
169,297,773
170,297,769
171,297,760
172,297,774
173,297,765
174,297,771
175,297,761
176,297,776
177,297,770
178,297,768
179,297,775
180,297,759
181,297,759
182,297,759
183,297,763
184,297,768
185,297,772
186,297,764
187,297,766
188,297,755
189,297,777
190,297,762
191,297,767
192,297,777
193,297,760
194,297,778
195,297,748
196,297,779
197,297,756
198,297,760
199,297,777
200,297,757
201,297,775
202,297,763
203,297,768
204,297,754
205,297,764
206,297,769
207,297,764
208,297,768
209,297,760
210,297,766
211,297,762
212,297,771
213,297,751
214,297,781
215,297,765
216,297,766
217,297,774
218,297,767
219,297,826
220,297,796
221,297,843
222,297,825
223,297,819
224,297,819
225,297,807
226,297,821
227,297,789
228,297,815
229,297,777
230,297,795
231,297,805
232,297,783
233,297,799
234,297,784
235,297,803
236,297,783
237,297,795
238,297,805
239,297,791
240,297,797
241,297,786
242,297,789
243,297,796
244,297,796
245,297,786
246,297,794
247,297,805
248,297,767
249,297,781
250,297,780
251,297,783
252,297,769
253,297,772
254,297,767
255,297,772
256,297,787
257,297,757
258,297,780
259,297,774
260,297,766
261,297,776
262,297,773
263,297,790
264,297,759
265,297,783
266,297,773
267,297,770
268,297,777
269,297,764
270,297,800
271,297,778
272,297,799
273,297,789
274,297,783
275,297,804
276,297,810
277,297,817
278,297,820
279,297,870
280,297,928
281,297,988
282,297,1068
283,297,1146
284,297,1371
285,297,1556
286,297,1685
287,297,1762
288,297,1763
289,297,1848
290,297,1745
291,297,1855
292,297,1865
293,297,1969
294,297,1947
295,297,2052
296,297,2166
297,297,2265
298,297,2430
299,297,2538
300,297,2857
301,297,2962
302,297,3434
303,297,3533
304,297,3620
305,297,3567
306,297,3684
307,297,3422
308,297,3700
309,297,3786
310,297,3834
311,297,3842
312,297,3779
313,297,3557
314,297,3272
315,297,2731
316,297,2551
317,297,2246
318,297,1991
319,297,1723
320,297,1651
321,297,1454
322,297,1263
323,297,1158
324,297,1076
325,297,986
326,297,968
327,297,922
328,297,906
329,297,852
330,297,838
331,297,835
332,297,817
333,297,795
334,297,802
335,297,793
336,297,792
337,297,773
338,297,758
339,297,777
340,297,773
341,297,782
342,297,764
343,297,765
344,297,773
345,297,751
346,297,784
347,297,754
348,297,784
349,297,760
350,297,769
351,297,778
352,297,753
353,297,774
354,297,754
355,297,769
356,297,762
357,297,773
358,297,774
359,297,764
360,297,769
361,297,759
362,297,761
363,297,765
364,297,763
365,297,763
366,297,761
367,297,750
107,298,768
108,298,761
109,298,765
110,298,759
111,298,770
112,298,763
113,298,761
114,298,764
115,298,758
116,298,772
117,298,754
118,298,769
119,298,763
120,298,763
121,298,755
122,298,765
123,298,775
124,298,774
125,298,769
126,298,763
127,298,764
128,298,763
129,298,774
130,298,770
131,298,765
132,298,771
133,298,766
134,298,757
135,298,761
136,298,762
137,298,763
138,298,764
139,298,760
140,298,760
141,298,768
142,298,760
143,298,781
144,298,752
145,298,771
146,298,757
147,298,759
148,298,776
149,298,741
150,298,782
151,298,757
152,298,783
153,298,763
154,298,762
155,298,775
156,298,753
157,298,780
158,298,757
159,298,778
160,298,780
161,298,769
162,298,772
163,298,768
164,298,765
165,298,766
166,298,760
167,298,764
168,298,777
169,298,768
170,298,782
171,298,754
172,298,781
173,298,757
174,298,777
175,298,765
176,298,759
177,298,777
178,298,752
179,298,779
180,298,756
181,298,766
182,298,761
183,298,764
184,298,774
185,298,763
186,298,770
187,298,754
188,298,769
189,298,751
190,298,761
191,298,776
192,298,761
193,298,771
194,298,750
195,298,774
196,298,756
197,298,771
198,298,768
199,298,761
200,298,775
201,298,760
202,298,762
203,298,763
204,298,757
205,298,755
206,298,776
207,298,763
208,298,775
209,298,775
210,298,756
211,298,795
212,298,745
213,298,776
214,298,767
215,298,770
216,298,792
217,298,749
218,298,788
219,298,777
220,298,804
221,298,837
222,298,814
223,298,829
224,298,796
225,298,813
226,298,803
227,298,794
228,298,778
229,298,779
230,298,778
231,298,780
232,298,776
233,298,773
234,298,775
235,298,776
236,298,786
237,298,787
238,298,792
239,298,777
240,298,769
241,298,781
242,298,780
243,298,792
244,298,762
245,298,782
246,298,775
247,298,787
248,298,787
249,298,782
250,298,806
251,298,758
252,298,770
253,298,773
254,298,765
255,298,788
256,298,757
257,298,771
258,298,763
259,298,775
260,298,773
261,298,757
262,298,776
263,298,782
264,298,759
265,298,779
266,298,772
267,298,768
268,298,793
269,298,778
270,298,785
271,298,773
272,298,785
273,298,808
274,298,770
275,298,814
276,298,809
277,298,821
278,298,843
279,298,846
280,298,910
281,298,943
282,298,1052
283,298,1181
284,298,1435
285,298,1673
286,298,1744
287,298,1853
288,298,1742
289,298,1641
290,298,1612
291,298,1570
292,298,1535
293,298,1605
294,298,1666
295,298,1755
296,298,1771
297,298,1900
298,298,2004
299,298,2115
300,298,2275
301,298,2515
302,298,2831
303,298,2873
304,298,3009
305,298,3116
306,298,3150
307,298,3100
308,298,2971
309,298,3079
310,298,3078
311,298,3115
312,298,3158
313,298,2967
314,298,2627
315,298,2232
316,298,2055
317,298,1845
318,298,1639
319,298,1502
320,298,1426
321,298,1266
322,298,1137
323,298,1060
324,298,1019
325,298,996
326,298,906
327,298,892
328,298,876
329,298,823
330,298,855
331,298,824
332,298,831
333,298,780
334,298,795
335,298,776
336,298,775
337,298,769
338,298,772
339,298,767
340,298,766
341,298,779
342,298,767
343,298,770
344,298,769
345,298,778
346,298,762
347,298,775
348,298,778
349,298,759
350,298,778
351,298,753
352,298,780
353,298,759
354,298,770
355,298,765
356,298,766
357,298,782
358,298,772
359,298,762
360,298,764
361,298,760
362,298,766
363,298,776
364,298,761
365,298,764
366,298,766
109,299,753
110,299,759
111,299,770
112,299,764
113,299,775
114,299,756
115,299,785
116,299,750
117,299,784
118,299,748
119,299,769
120,299,745
121,299,769
122,299,777
123,299,768
124,299,765
125,299,764
126,299,767
127,299,749
128,299,758
129,299,773
130,299,760
131,299,767
132,299,767
133,299,756
134,299,773
135,299,747
136,299,770
137,299,745
138,299,770
139,299,751
140,299,762
141,299,765
142,299,758
143,299,777
144,299,750
145,299,772
146,299,754
147,299,758
148,299,760
149,299,764
150,299,767
151,299,756
152,299,766
153,299,755
154,299,764
155,299,755
156,299,765
157,299,758
158,299,750
159,299,761
160,299,761
161,299,757
162,299,759
163,299,759
164,299,772
165,299,758
166,299,760
167,299,763
168,299,756
169,299,784
170,299,765
171,299,770
172,299,760
173,299,760
174,299,762
175,299,760
176,299,774
177,299,762
178,299,779
179,299,756
180,299,771
181,299,774
182,299,749
183,299,767
184,299,767
185,299,762
186,299,773
187,299,749
188,299,774
189,299,763
190,299,759
191,299,768
192,299,761
193,299,780
194,299,761
195,299,759
196,299,761
197,299,754
198,299,768
199,299,761
200,299,775
201,299,758
202,299,772
203,299,759
204,299,764
205,299,768
206,299,742
207,299,786
208,299,760
209,299,768
210,299,758
211,299,768
212,299,769
213,299,750
214,299,764
215,299,762
216,299,765
217,299,766
218,299,782
219,299,764
220,299,810
221,299,795
222,299,794
223,299,826
224,299,793
225,299,841
226,299,806
227,299,800
228,299,803
229,299,773
230,299,814
231,299,772
232,299,788
233,299,789
234,299,771
235,299,785
236,299,777
237,299,790
238,299,772
239,299,792
240,299,787
241,299,773
242,299,779
243,299,776
244,299,783
245,299,780
246,299,793
247,299,780
248,299,778
249,299,781
250,299,772
251,299,776
252,299,755
253,299,784
254,299,769
255,299,764
256,299,773
257,299,767
258,299,763
259,299,762
260,299,769
261,299,760
262,299,790
263,299,754
264,299,766
265,299,777
266,299,751
267,299,804
268,299,752
269,299,790
270,299,776
271,299,766
272,299,800
273,299,769
274,299,804
275,299,799
276,299,806
277,299,828
278,299,827
279,299,863
280,299,861
281,299,890
282,299,1012
283,299,1259
284,299,1511
285,299,1736
286,299,1833
287,299,1915
288,299,1648
289,299,1522
290,299,1426
291,299,1341
292,299,1395
293,299,1323
294,299,1377
295,299,1424
296,299,1511
297,299,1621
298,299,1719
299,299,1916
300,299,1923
301,299,2137
302,299,2355
303,299,2375
304,299,2492
305,299,2549
306,299,2631
307,299,2686
308,299,2615
309,299,2548
310,299,2495
311,299,2628
312,299,2543
313,299,2462
314,299,2124
315,299,1965
316,299,1709
317,299,1532
318,299,1403
319,299,1266
320,299,1211
321,299,1171
322,299,1072
323,299,1007
324,299,915
325,299,949
326,299,892
327,299,870
328,299,862
329,299,815
330,299,815
331,299,824
332,299,787
333,299,800
334,299,793
335,299,779
336,299,778
337,299,768
338,299,761
339,299,767
340,299,765
341,299,778
342,299,757
343,299,771
344,299,750
345,299,766
346,299,771
347,299,759
348,299,772
349,299,762
350,299,771
351,299,747
352,299,768
353,299,757
354,299,760
355,299,769
356,299,773
357,299,761
358,299,754
359,299,771
360,299,755
361,299,769
362,299,750
363,299,774
364,299,757
365,299,777
111,300,763
112,300,755
113,300,757
114,300,760
115,300,764
116,300,762
117,300,766
118,300,765
119,300,761
120,300,757
121,300,777
122,300,753
123,300,768
124,300,766
125,300,770
126,300,765
127,300,752
128,300,771
129,300,748
130,300,772
131,300,761
132,300,771
133,300,776
134,300,762
135,300,778
136,300,744
137,300,761
138,300,763
139,300,756
140,300,785
141,300,761
142,300,765
143,300,770
144,300,748
145,300,775
146,300,744
147,300,770
148,300,755
149,300,768
150,300,772
151,300,755
152,300,782
153,300,752
154,300,780
155,300,755
156,300,764
157,300,761
158,300,758
159,300,769
160,300,761
161,300,770
162,300,757
163,300,761
164,300,761
165,300,776
166,300,767
167,300,767
168,300,766
169,300,755
170,300,770
171,300,751
172,300,763
173,300,749
174,300,777
175,300,767
176,300,756
177,300,767
178,300,757
179,300,767
180,300,765
181,300,768
182,300,758
183,300,770
184,300,756
185,300,777
186,300,756
187,300,772
188,300,777
189,300,751
190,300,788
191,300,746
192,300,778
193,300,772
194,300,753
195,300,786
196,300,748
197,300,788
198,300,763
199,300,761
200,300,776
201,300,767
202,300,777
203,300,768
204,300,758
205,300,765
206,300,765
207,300,756
208,300,772
209,300,767
210,300,762
211,300,775
212,300,759
213,300,769
214,300,749
215,300,771
216,300,765
217,300,774
218,300,769
219,300,778
220,300,775
221,300,781
222,300,794
223,300,787
224,300,807
225,300,811
226,300,833
227,300,863
228,300,827
229,300,825
230,300,789
231,300,782
232,300,783
233,300,784
234,300,795
235,300,761
236,300,782
237,300,787
238,300,773
239,300,785
240,300,779
241,300,775
242,300,791
243,300,768
244,300,795
245,300,782
246,300,791
247,300,791
248,300,776
249,300,800
250,300,778
251,300,774
252,300,784
253,300,759
254,300,793
255,300,761
256,300,776
257,300,771
258,300,757
259,300,773
260,300,774
261,300,762
262,300,769
263,300,768
264,300,762
265,300,772
266,300,771
267,300,765
268,300,768
269,300,771
270,300,777
271,300,763
272,300,790
273,300,785
274,300,795
275,300,780
276,300,795
277,300,812
278,300,816
279,300,835
280,300,873
281,300,889
282,300,975
283,300,1135
284,300,1432
285,300,1647
286,300,1755
287,300,1678
288,300,1491
289,300,1382
290,300,1242
291,300,1218
292,300,1194
293,300,1211
294,300,1215
295,300,1220
296,300,1343
297,300,1485
298,300,1539
299,300,1590
300,300,1697
301,300,1779
302,300,1987
303,300,2026
304,300,2101
305,300,2149
306,300,2313
307,300,2218
308,300,2275
309,300,2299
310,300,2252
311,300,2195
312,300,2136
313,300,2020
314,300,1793
315,300,1626
316,300,1501
317,300,1401
318,300,1324
319,300,1217
320,300,1116
321,300,1019
322,300,1003
323,300,940
324,300,919
325,300,916
326,300,873
327,300,865
328,300,845
329,300,829
330,300,808
331,300,807
332,300,819
333,300,773
334,300,797
335,300,775
336,300,784
337,300,790
338,300,770
339,300,755
340,300,778
341,300,761
342,300,775
343,300,763
344,300,760
345,300,771
346,300,759
347,300,779
348,300,750
349,300,768
350,300,770
351,300,764
352,300,769
353,300,762
354,300,778
355,300,759
356,300,767
357,300,752
358,300,767
359,300,757
360,300,766
361,300,770
362,300,767
363,300,770
364,300,761
113,301,738
114,301,785
115,301,745
116,301,769
117,301,770
118,301,755
119,301,773
120,301,750
121,301,767
122,301,753
123,301,770
124,301,765
125,301,770
126,301,762
127,301,782
128,301,764
129,301,770
130,301,763
131,301,774
132,301,756
133,301,775
134,301,760
135,301,771
136,301,769
137,301,763
138,301,770
139,301,758
140,301,776
141,301,760
142,301,765
143,301,758
144,301,770
145,301,759
146,301,774
147,301,762
148,301,766
149,301,762
150,301,755
151,301,776
152,301,753
153,301,770
154,301,752
155,301,749
156,301,774
157,301,751
158,301,764
159,301,755
160,301,769
161,301,773
162,301,764
163,301,776
164,301,758
165,301,763
166,301,768
167,301,765
168,301,769
169,301,755
170,301,773
171,301,759
172,301,761
173,301,764
174,301,753
175,301,770
176,301,767
177,301,762
178,301,767
179,301,763
180,301,766
181,301,764
182,301,768
183,301,757
184,301,759
185,301,753
186,301,756
187,301,755
188,301,763
189,301,755
190,301,767
191,301,759
192,301,774
193,301,767
194,301,763
195,301,772
196,301,762
197,301,769
198,301,750
199,301,771
200,301,764
201,301,757
202,301,776
203,301,752
204,301,777
205,301,760
206,301,767
207,301,775
208,301,748
209,301,793
210,301,754
211,301,772
212,301,763
213,301,768
214,301,774
215,301,761
216,301,769
217,301,770
218,301,785
219,301,778
220,301,783
221,301,778
222,301,804
223,301,810
224,301,808
225,301,860
226,301,878
227,301,910
228,301,894
229,301,836
230,301,810
231,301,791
232,301,802
233,301,775
234,301,789
235,301,765
236,301,806
237,301,783
238,301,769
239,301,788
240,301,771
241,301,788
242,301,770
243,301,783
244,301,802
245,301,773
246,301,809
247,301,772
248,301,788
249,301,785
250,301,774
251,301,782
252,301,753
253,301,786
254,301,767
255,301,774
256,301,781
257,301,773
258,301,774
259,301,774
260,301,753
261,301,773
262,301,774
263,301,764
264,301,791
265,301,768
266,301,775
267,301,773
268,301,764
269,301,784
270,301,773
271,301,806
272,301,785
273,301,786
274,301,795
275,301,767
276,301,797
277,301,797
278,301,809
279,301,837
280,301,836
281,301,865
282,301,961
283,301,1077
284,301,1320
285,301,1502
286,301,1405
287,301,1408
288,301,1325
289,301,1205
290,301,1130
291,301,1092
292,301,1131
293,301,1103
294,301,1109
295,301,1131
296,301,1159
297,301,1262
298,301,1296
299,301,1333
300,301,1412
301,301,1439
302,301,1641
303,301,1614
304,301,1779
305,301,1786
306,301,1878
307,301,1930
308,301,1958
309,301,1937
310,301,1987
311,301,1884
312,301,1804
313,301,1690
314,301,1555
315,301,1456
316,301,1310
317,301,1248
318,301,1168
319,301,1090
320,301,1059
321,301,983
322,301,940
323,301,923
324,301,905
325,301,899
326,301,856
327,301,851
328,301,833
329,301,817
330,301,819
331,301,791
332,301,800
333,301,779
334,301,781
335,301,774
336,301,781
337,301,779
338,301,775
339,301,783
340,301,753
341,301,779
342,301,757
343,301,764
344,301,764
345,301,763
346,301,762
347,301,764
348,301,768
349,301,757
350,301,780
351,301,764
352,301,769
353,301,765
354,301,757
355,301,763
356,301,772
357,301,750
358,301,781
359,301,766
360,301,773
361,301,761
362,301,756
363,301,782
115,302,765
116,302,768
117,302,761
118,302,759
119,302,755
120,302,753
121,302,768
122,302,747
123,302,782
124,302,739
125,302,780
126,302,750
127,302,768
128,302,768
129,302,756
130,302,778
131,302,752
132,302,774
133,302,754
134,302,764
135,302,760
136,302,764
137,302,756
138,302,762
139,302,770
140,302,774
141,302,765
142,302,769
143,302,760
144,302,760
145,302,763
146,302,751
147,302,768
148,302,760
149,302,775
150,302,752
151,302,775
152,302,764
153,302,764
154,302,769
155,302,756
156,302,768
157,302,760
158,302,772
159,302,751
160,302,774
161,302,759
162,302,766
163,302,756
164,302,765
165,302,774
166,302,743
167,302,781
168,302,743
169,302,770
170,302,754
171,302,756
172,302,776
173,302,756
174,302,777
175,302,758
176,302,762
177,302,765
178,302,764
179,302,766
180,302,762
181,302,754
182,302,766
183,302,757
184,302,763
185,302,771
186,302,755
187,302,776
188,302,752
189,302,768
190,302,761
191,302,758
192,302,778
193,302,748
194,302,765
195,302,757
196,302,757
197,302,764
198,302,760
199,302,750
200,302,760
201,302,764
202,302,763
203,302,769
204,302,764
205,302,761
206,302,751
207,302,757
208,302,769
209,302,753
210,302,757
211,302,768
212,302,755
213,302,767
214,302,767
215,302,770
216,302,785
217,302,762
218,302,783
219,302,766
220,302,789
221,302,797
222,302,765
223,302,814
224,302,835
225,302,892
226,302,922
227,302,941
228,302,929
229,302,879
230,302,800
231,302,796
232,302,782
233,302,784
234,302,796
235,302,791
236,302,787
237,302,766
238,302,779
239,302,786
240,302,764
241,302,782
242,302,788
243,302,783
244,302,793
245,302,773
246,302,805
247,302,762
248,302,788
249,302,779
250,302,770
251,302,792
252,302,764
253,302,781
254,302,764
255,302,769
256,302,780
257,302,775
258,302,787
259,302,769
260,302,784
261,302,764
262,302,773
263,302,778
264,302,777
265,302,787
266,302,759
267,302,777
268,302,770
269,302,768
270,302,781
271,302,776
272,302,786
273,302,787
274,302,798
275,302,785
276,302,815
277,302,802
278,302,834
279,302,818
280,302,838
281,302,891
282,302,939
283,302,1105
284,302,1238
285,302,1396
286,302,1430
287,302,1350
288,302,1235
289,302,1081
290,302,1096
291,302,1016
292,302,1055
293,302,1042
294,302,1089
295,302,1088
296,302,1096
297,302,1125
298,302,1093
299,302,1171
300,302,1212
301,302,1308
302,302,1402
303,302,1421
304,302,1515
305,302,1612
306,302,1636
307,302,1682
308,302,1721
309,302,1729
310,302,1768
311,302,1730
312,302,1647
313,302,1467
314,302,1350
315,302,1264
316,302,1179
317,302,1155
318,302,1078
319,302,1029
320,302,978
321,302,937
322,302,946
323,302,878
324,302,897
325,302,848
326,302,823
327,302,845
328,302,827
329,302,809
330,302,811
331,302,808
332,302,802
333,302,802
334,302,786
335,302,764
336,302,780
337,302,771
338,302,768
339,302,772
340,302,760
341,302,774
342,302,769
343,302,771
344,302,760
345,302,765
346,302,774
347,302,772
348,302,771
349,302,774
350,302,757
351,302,761
352,302,768
353,302,761
354,302,757
355,302,766
356,302,764
357,302,770
358,302,779
359,302,763
360,302,768
361,302,767
362,302,775
117,303,756
118,303,771
119,303,753
120,303,774
121,303,767
122,303,777
123,303,771
124,303,765
125,303,759
126,303,766
127,303,760
128,303,770
129,303,765
130,303,764
131,303,764
132,303,765
133,303,756
134,303,763
135,303,763
136,303,778
137,303,760
138,303,762
139,303,766
140,303,764
141,303,770
142,303,763
143,303,765
144,303,760
145,303,762
146,303,766
147,303,760
148,303,774
149,303,770
150,303,770
151,303,765
152,303,760
153,303,783
154,303,760
155,303,772
156,303,773
157,303,764
158,303,774
159,303,761
160,303,774
161,303,771
162,303,766
163,303,762
164,303,763
165,303,771
166,303,758
167,303,769
168,303,761
169,303,758
170,303,770
171,303,773
172,303,765
173,303,754
174,303,768
175,303,766
176,303,767
177,303,752
178,303,763
179,303,764
180,303,758
181,303,767
182,303,752
183,303,762
184,303,768
185,303,755
186,303,765
187,303,760
188,303,762
189,303,758
190,303,761
191,303,767
192,303,764
193,303,756
194,303,775
195,303,755
196,303,764
197,303,775
198,303,762
199,303,773
200,303,750
201,303,771
202,303,753
203,303,758
204,303,770
205,303,754
206,303,777
207,303,764
208,303,776
209,303,764
210,303,767
211,303,777
212,303,755
213,303,765
214,303,755
215,303,769
216,303,762
217,303,767
218,303,778
219,303,768
220,303,787
221,303,774
222,303,794
223,303,798
224,303,844
225,303,900
226,303,932
227,303,934
228,303,894
229,303,847
230,303,809
231,303,794
232,303,782
233,303,809
234,303,781
235,303,785
236,303,796
237,303,779
238,303,796
239,303,755
240,303,786
241,303,782
242,303,769
243,303,786
244,303,764
245,303,800
246,303,774
247,303,781
248,303,789
249,303,765
250,303,793
251,303,766
252,303,772
253,303,773
254,303,766
255,303,774
256,303,774
257,303,765
258,303,781
259,303,771
260,303,781
261,303,764
262,303,760
263,303,755
264,303,755
265,303,760
266,303,764
267,303,765
268,303,770
269,303,768
270,303,769
271,303,784
272,303,770
273,303,775
274,303,780
275,303,790
276,303,792
277,303,796
278,303,799
279,303,800
280,303,814
281,303,881
282,303,941
283,303,1021
284,303,1227
285,303,1290
286,303,1342
287,303,1212
288,303,1111
289,303,1031
290,303,1031
291,303,975
292,303,981
293,303,973
294,303,993
295,303,1000
296,303,987
297,303,1025
298,303,1046
299,303,1062
300,303,1105
301,303,1133
302,303,1272
303,303,1208
304,303,1303
305,303,1353
306,303,1412
307,303,1433
308,303,1425
309,303,1495
310,303,1516
311,303,1482
312,303,1430
313,303,1283
314,303,1161
315,303,1130
316,303,1065
317,303,1015
318,303,976
319,303,973
320,303,962
321,303,895
322,303,895
323,303,855
324,303,852
325,303,834
326,303,840
327,303,835
328,303,833
329,303,815
330,303,795
331,303,808
332,303,781
333,303,797
334,303,773
335,303,764
336,303,789
337,303,749
338,303,777
339,303,761
340,303,773
341,303,768
342,303,763
343,303,774
344,303,753
345,303,774
346,303,747
347,303,773
348,303,766
349,303,769
350,303,770
351,303,754
352,303,763
353,303,766
354,303,765
355,303,768
356,303,767
357,303,759
358,303,772
359,303,761
360,303,780
361,303,752
119,304,746
120,304,767
121,304,746
122,304,762
123,304,762
124,304,761
125,304,778
126,304,746
127,304,784
128,304,755
129,304,766
130,304,758
131,304,764
132,304,762
133,304,771
134,304,757
135,304,756
136,304,781
137,304,759
138,304,775
139,304,754
140,304,772
141,304,751
142,304,770
143,304,761
144,304,770
145,304,755
146,304,763
147,304,767
148,304,752
149,304,758
150,304,758
151,304,775
152,304,762
153,304,767
154,304,771
155,304,757
156,304,763
157,304,782
158,304,768
159,304,771
160,304,771
161,304,757
162,304,785
163,304,760
164,304,775
165,304,753
166,304,761
167,304,775
168,304,754
169,304,781
170,304,754
171,304,768
172,304,763
173,304,760
174,304,760
175,304,752
176,304,774
177,304,764
178,304,774
179,304,766
180,304,753
181,304,756
182,304,754
183,304,761
184,304,761
185,304,758
186,304,771
187,304,760
188,304,751
189,304,759
190,304,777
191,304,754
192,304,762
193,304,759
194,304,764
195,304,769
196,304,762
197,304,759
198,304,771
199,304,764
200,304,778
201,304,766
202,304,755
203,304,770
204,304,757
205,304,773
206,304,765
207,304,764
208,304,776
209,304,768
210,304,774
211,304,764
212,304,768
213,304,771
214,304,757
215,304,771
216,304,761
217,304,768
218,304,778
219,304,754
220,304,786
221,304,773
222,304,795
223,304,808
224,304,838
225,304,855
226,304,893
227,304,897
228,304,854
229,304,835
230,304,803
231,304,782
232,304,771
233,304,786
234,304,770
235,304,765
236,304,786
237,304,778
238,304,778
239,304,784
240,304,768
241,304,782
242,304,764
243,304,787
244,304,764
245,304,778
246,304,758
247,304,781
248,304,773
249,304,767
250,304,786
251,304,767
252,304,769
253,304,785
254,304,770
255,304,782
256,304,765
257,304,785
258,304,762
259,304,776
260,304,778
261,304,764
262,304,774
263,304,761
264,304,769
265,304,768
266,304,775
267,304,789
268,304,777
269,304,778
270,304,768
271,304,776
272,304,764
273,304,782
274,304,786
275,304,789
276,304,789
277,304,781
278,304,788
279,304,809
280,304,866
281,304,840
282,304,884
283,304,980
284,304,1033
285,304,1127
286,304,1060
287,304,1073
288,304,998
289,304,964
290,304,916
291,304,937
292,304,941
293,304,911
294,304,964
295,304,947
296,304,939
297,304,1016
298,304,929
299,304,1022
300,304,1044
301,304,1069
302,304,1084
303,304,1184
304,304,1192
305,304,1242
306,304,1257
307,304,1224
308,304,1224
309,304,1326
310,304,1268
311,304,1244
312,304,1250
313,304,1150
314,304,1074
315,304,1013
316,304,979
317,304,966
318,304,931
319,304,896
320,304,898
321,304,866
322,304,847
323,304,829
324,304,846
325,304,832
326,304,809
327,304,798
328,304,777
329,304,803
330,304,768
331,304,783
332,304,770
333,304,768
334,304,786
335,304,774
336,304,776
337,304,768
338,304,772
339,304,754
340,304,770
341,304,757
342,304,769
343,304,774
344,304,769
345,304,765
346,304,765
347,304,775
348,304,760
349,304,768
350,304,766
351,304,758
352,304,771
353,304,764
354,304,774
355,304,752
356,304,766
357,304,752
358,304,769
359,304,769
360,304,755
121,305,762
122,305,768
123,305,763
124,305,771
125,305,758
126,305,761
127,305,760
128,305,772
129,305,772
130,305,762
131,305,775
132,305,747
133,305,772
134,305,772
135,305,759
136,305,769
137,305,758
138,305,782
139,305,757
140,305,771
141,305,752
142,305,770
143,305,767
144,305,766
145,305,783
146,305,759
147,305,765
148,305,760
149,305,760
150,305,757
151,305,766
152,305,767
153,305,760
154,305,765
155,305,761
156,305,763
157,305,765
158,305,764
159,305,762
160,305,766
161,305,759
162,305,764
163,305,763
164,305,755
165,305,761
166,305,770
167,305,765
168,305,768
169,305,773
170,305,761
171,305,770
172,305,755
173,305,766
174,305,766
175,305,753
176,305,776
177,305,755
178,305,779
179,305,757
180,305,761
181,305,770
182,305,764
183,305,781
184,305,766
185,305,759
186,305,760
187,305,765
188,305,770
189,305,754
190,305,766
191,305,761
192,305,770
193,305,750
194,305,775
195,305,753
196,305,774
197,305,754
198,305,767
199,305,764
200,305,768
201,305,776
202,305,756
203,305,765
204,305,748
205,305,756
206,305,769
207,305,763
208,305,764
209,305,751
210,305,756
211,305,758
212,305,771
213,305,761
214,305,768
215,305,771
216,305,755
217,305,776
218,305,756
219,305,776
220,305,764
221,305,780
222,305,796
223,305,792
224,305,818
225,305,854
226,305,862
227,305,873
228,305,826
229,305,822
230,305,799
231,305,783
232,305,791
233,305,770
234,305,781
235,305,787
236,305,772
237,305,793
238,305,786
239,305,795
240,305,803
241,305,776
242,305,786
243,305,789
244,305,779
245,305,791
246,305,769
247,305,778
248,305,782
249,305,765
250,305,779
251,305,768
252,305,774
253,305,770
254,305,767
255,305,765
256,305,764
257,305,775
258,305,770
259,305,760
260,305,766
261,305,777
262,305,761
263,305,762
264,305,767
265,305,758
266,305,773
267,305,761
268,305,757
269,305,781
270,305,763
271,305,781
272,305,775
273,305,767
274,305,789
275,305,766
276,305,794
277,305,781
278,305,800
279,305,805
280,305,825
281,305,837
282,305,873
283,305,913
284,305,914
285,305,961
286,305,967
287,305,953
288,305,925
289,305,933
290,305,895
291,305,907
292,305,931
293,305,902
294,305,939
295,305,922
296,305,967
297,305,926
298,305,919
299,305,1022
300,305,984
301,305,1014
302,305,1049
303,305,1090
304,305,1160
305,305,1127
306,305,1181
307,305,1126
308,305,1162
309,305,1114
310,305,1143
311,305,1114
312,305,1097
313,305,1078
314,305,974
315,305,978
316,305,936
317,305,933
318,305,924
319,305,925
320,305,856
321,305,853
322,305,853
323,305,812
324,305,806
325,305,813
326,305,815
327,305,803
328,305,811
329,305,797
330,305,783
331,305,789
332,305,779
333,305,796
334,305,756
335,305,781
336,305,755
337,305,776
338,305,786
339,305,756
340,305,778
341,305,756
342,305,775
343,305,751
344,305,754
345,305,768
346,305,761
347,305,772
348,305,756
349,305,764
350,305,753
351,305,778
352,305,759
353,305,771
354,305,759
355,305,772
356,305,773
357,305,769
358,305,771
123,306,749
124,306,769
125,306,762
126,306,756
127,306,759
128,306,756
129,306,770
130,306,758
131,306,765
132,306,761
133,306,774
134,306,746
135,306,768
136,306,747
137,306,760
138,306,754
139,306,761
140,306,764
141,306,760
142,306,765
143,306,747
144,306,770
145,306,752
146,306,767
147,306,754
148,306,772
149,306,772
150,306,752
151,306,764
152,306,753
153,306,769
154,306,759
155,306,747
156,306,772
157,306,767
158,306,762
159,306,761
160,306,761
161,306,762
162,306,769
163,306,767
164,306,773
165,306,756
166,306,777
167,306,752
168,306,767
169,306,769
170,306,761
171,306,757
172,306,759
173,306,771
174,306,757
175,306,761
176,306,758
177,306,762
178,306,758
179,306,769
180,306,772
181,306,758
182,306,764
183,306,756
184,306,747
185,306,755
186,306,756
187,306,765
188,306,758
189,306,755
190,306,755
191,306,756
192,306,763
193,306,765
194,306,761
195,306,762
196,306,755
197,306,763
198,306,755
199,306,773
200,306,766
201,306,758
202,306,768
203,306,760
204,306,760
205,306,771
206,306,774
207,306,767
208,306,774
209,306,764
210,306,779
211,306,771
212,306,775
213,306,757
214,306,781
215,306,770
216,306,777
217,306,774
218,306,769
219,306,784
220,306,776
221,306,776
222,306,789
223,306,783
224,306,793
225,306,812
226,306,822
227,306,821
228,306,813
229,306,792
230,306,771
231,306,781
232,306,787
233,306,786
234,306,789
235,306,769
236,306,787
237,306,785
238,306,770
239,306,770
240,306,775
241,306,788
242,306,785
243,306,783
244,306,776
245,306,783
246,306,766
247,306,772
248,306,776
249,306,776
250,306,764
251,306,772
252,306,762
253,306,770
254,306,770
255,306,775
256,306,774
257,306,774
258,306,766
259,306,781
260,306,756
261,306,762
262,306,777
263,306,766
264,306,779
265,306,757
266,306,770
267,306,765
268,306,784
269,306,774
270,306,774
271,306,772
272,306,768
273,306,782
274,306,771
275,306,781
276,306,783
277,306,789
278,306,794
279,306,809
280,306,829
281,306,814
282,306,854
283,306,848
284,306,878
285,306,896
286,306,885
287,306,887
288,306,857
289,306,887
290,306,853
291,306,885
292,306,871
293,306,878
294,306,875
295,306,910
296,306,888
297,306,885
298,306,901
299,306,954
300,306,941
301,306,971
302,306,954
303,306,1007
304,306,1025
305,306,1051
306,306,1057
307,306,1030
308,306,1040
309,306,1052
310,306,1022
311,306,1031
312,306,994
313,306,948
314,306,953
315,306,934
316,306,894
317,306,862
318,306,889
319,306,857
320,306,849
321,306,853
322,306,838
323,306,826
324,306,825
325,306,814
326,306,821
327,306,807
328,306,809
329,306,792
330,306,788
331,306,773
332,306,789
333,306,776
334,306,777
335,306,768
336,306,767
337,306,782
338,306,777
339,306,786
340,306,777
341,306,768
342,306,781
343,306,756
344,306,773
345,306,772
346,306,763
347,306,773
348,306,755
349,306,777
350,306,754
351,306,782
352,306,759
353,306,762
354,306,766
355,306,755
356,306,768
357,306,757
125,307,764
126,307,776
127,307,760
128,307,780
129,307,767
130,307,766
131,307,769
132,307,764
133,307,777
134,307,754
135,307,764
136,307,755
137,307,756
138,307,755
139,307,763
140,307,757
141,307,761
142,307,754
143,307,750
144,307,768
145,307,761
146,307,767
147,307,755
148,307,761
149,307,762
150,307,759
151,307,772
152,307,746
153,307,764
154,307,749
155,307,768
156,307,763
157,307,760
158,307,768
159,307,776
160,307,777
161,307,779
162,307,766
163,307,773
164,307,762
165,307,769
166,307,771
167,307,761
168,307,772
169,307,761
170,307,755
171,307,761
172,307,755
173,307,764
174,307,750
175,307,777
176,307,766
177,307,764
178,307,774
179,307,763
180,307,776
181,307,769
182,307,770
183,307,766
184,307,764
185,307,761
186,307,776
187,307,760
188,307,758
189,307,774
190,307,754
191,307,772
192,307,759
193,307,763
194,307,763
195,307,775
196,307,772
197,307,762
198,307,772
199,307,759
200,307,755
201,307,769
202,307,770
203,307,766
204,307,760
205,307,761
206,307,771
207,307,770
208,307,760
209,307,776
210,307,764
211,307,767
212,307,772
213,307,769
214,307,779
215,307,757
216,307,770
217,307,773
218,307,770
219,307,772
220,307,764
221,307,781
222,307,782
223,307,793
224,307,799
225,307,789
226,307,796
227,307,797
228,307,779
229,307,783
230,307,778
231,307,780
232,307,789
233,307,782
234,307,781
235,307,764
236,307,781
237,307,788
238,307,783
239,307,782
240,307,782
241,307,773
242,307,782
243,307,767
244,307,780
245,307,781
246,307,769
247,307,774
248,307,768
249,307,762
250,307,772
251,307,771
252,307,759
253,307,778
254,307,780
255,307,766
256,307,774
257,307,758
258,307,784
259,307,766
260,307,761
261,307,776
262,307,766
263,307,772
264,307,779
265,307,772
266,307,778
267,307,764
268,307,784
269,307,770
270,307,779
271,307,771
272,307,765
273,307,790
274,307,790
275,307,783
276,307,780
277,307,783
278,307,798
279,307,786
280,307,797
281,307,797
282,307,821
283,307,856
284,307,864
285,307,867
286,307,864
287,307,845
288,307,842
289,307,836
290,307,850
291,307,829
292,307,851
293,307,846
294,307,874
295,307,870
296,307,892
297,307,877
298,307,889
299,307,874
300,307,891
301,307,909
302,307,916
303,307,946
304,307,960
305,307,967
306,307,976
307,307,974
308,307,974
309,307,1000
310,307,997
311,307,938
312,307,939
313,307,912
314,307,925
315,307,863
316,307,864
317,307,846
318,307,828
319,307,852
320,307,817
321,307,814
322,307,829
323,307,815
324,307,797
325,307,816
326,307,800
327,307,792
328,307,773
329,307,778
330,307,774
331,307,776
332,307,775
333,307,767
334,307,771
335,307,780
336,307,759
337,307,773
338,307,763
339,307,771
340,307,753
341,307,764
342,307,773
343,307,753
344,307,775
345,307,750
346,307,761
347,307,764
348,307,758
349,307,774
350,307,761
351,307,768
352,307,753
353,307,779
354,307,767
355,307,768
356,307,767
127,308,760
128,308,762
129,308,769
130,308,768
131,308,759
132,308,772
133,308,759
134,308,771
135,308,766
136,308,763
137,308,765
138,308,764
139,308,773
140,308,766
141,308,790
142,308,759
143,308,768
144,308,768
145,308,757
146,308,779
147,308,753
148,308,771
149,308,765
150,308,761
151,308,775
152,308,759
153,308,767
154,308,763
155,308,761
156,308,778
157,308,775
158,308,790
159,308,791
160,308,794
161,308,786
162,308,772
163,308,780
164,308,759
165,308,773
166,308,759
167,308,757
168,308,778
169,308,763
170,308,772
171,308,765
172,308,777
173,308,768
174,308,763
175,308,768
176,308,759
177,308,766
178,308,759
179,308,769
180,308,772
181,308,759
182,308,762
183,308,766
184,308,774
185,308,774
186,308,769
187,308,763
188,308,765
189,308,761
190,308,767
191,308,773
192,308,762
193,308,766
194,308,769
195,308,770
196,308,764
197,308,769
198,308,782
199,308,761
200,308,767
201,308,763
202,308,763
203,308,764
204,308,758
205,308,761
206,308,774
207,308,760
208,308,762
209,308,773
210,308,761
211,308,767
212,308,763
213,308,771
214,308,767
215,308,773
216,308,772
217,308,767
218,308,757
219,308,771
220,308,765
221,308,778
222,308,774
223,308,780
224,308,783
225,308,771
226,308,787
227,308,773
228,308,773
229,308,778
230,308,775
231,308,784
232,308,765
233,308,777
234,308,782
235,308,773
236,308,777
237,308,777
238,308,778
239,308,772
240,308,784
241,308,778
242,308,775
243,308,781
244,308,777
245,308,778
246,308,784
247,308,773
248,308,768
249,308,768
250,308,767
251,308,763
252,308,767
253,308,771
254,308,765
255,308,759
256,308,756
257,308,761
258,308,771
259,308,767
260,308,769
261,308,762
262,308,768
263,308,775
264,308,764
265,308,778
266,308,760
267,308,757
268,308,772
269,308,763
270,308,767
271,308,768
272,308,768
273,308,788
274,308,763
275,308,776
276,308,776
277,308,778
278,308,786
279,308,771
280,308,785
281,308,802
282,308,792
283,308,825
284,308,819
285,308,829
286,308,839
287,308,843
288,308,836
289,308,801
290,308,821
291,308,835
292,308,832
293,308,842
294,308,830
295,308,861
296,308,843
297,308,835
298,308,841
299,308,829
300,308,854
301,308,898
302,308,868
303,308,899
304,308,918
305,308,912
306,308,894
307,308,928
308,308,899
309,308,895
310,308,916
311,308,872
312,308,885
313,308,887
314,308,878
315,308,872
316,308,848
317,308,847
318,308,827
319,308,819
320,308,805
321,308,821
322,308,819
323,308,798
324,308,797
325,308,792
326,308,780
327,308,800
328,308,778
329,308,770
330,308,780
331,308,781
332,308,783
333,308,774
334,308,773
335,308,782
336,308,775
337,308,774
338,308,767
339,308,788
340,308,763
341,308,777
342,308,770
343,308,754
344,308,772
345,308,754
346,308,776
347,308,762
348,308,769
349,308,751
350,308,769
351,308,770
352,308,752
353,308,772
354,308,759
355,308,763
129,309,783
130,309,768
131,309,764
132,309,768
133,309,753
134,309,770
135,309,761
136,309,766
137,309,764
138,309,766
139,309,771
140,309,758
141,309,781
142,309,753
143,309,765
144,309,764
145,309,772
146,309,776
147,309,763
148,309,780
149,309,754
150,309,768
151,309,758
152,309,765
153,309,774
154,309,777
155,309,781
156,309,782
157,309,792
158,309,810
159,309,832
160,309,810
161,309,804
162,309,797
163,309,784
164,309,766
165,309,779
166,309,776
167,309,770
168,309,770
169,309,768
170,309,769
171,309,757
172,309,768
173,309,764
174,309,774
175,309,771
176,309,773
177,309,761
178,309,765
179,309,773
180,309,762
181,309,775
182,309,748
183,309,769
184,309,766
185,309,768
186,309,777
187,309,762
188,309,787
189,309,772
190,309,771
191,309,769
192,309,761
193,309,757
194,309,762
195,309,766
196,309,772
197,309,767
198,309,769
199,309,764
200,309,764
201,309,766
202,309,769
203,309,774
204,309,777
205,309,762
206,309,775
207,309,757
208,309,784
209,309,768
210,309,758
211,309,776
212,309,760
213,309,770
214,309,761
215,309,753
216,309,780
217,309,761
218,309,782
219,309,766
220,309,775
221,309,769
222,309,763
223,309,775
224,309,771
225,309,772
226,309,773
227,309,764
228,309,782
229,309,766
230,309,772
231,309,773
232,309,761
233,309,787
234,309,774
235,309,768
236,309,772
237,309,768
238,309,777
239,309,781
240,309,772
241,309,784
242,309,789
243,309,794
244,309,768
245,309,779
246,309,777
247,309,768
248,309,772
249,309,774
250,309,778
251,309,760
252,309,773
253,309,769
254,309,762
255,309,778
256,309,766
257,309,775
258,309,774
259,309,759
260,309,769
261,309,761
262,309,768
263,309,772
264,309,754
265,309,770
266,309,763
267,309,767
268,309,791
269,309,759
270,309,774
271,309,771
272,309,768
273,309,770
274,309,760
275,309,783
276,309,779
277,309,773
278,309,787
279,309,772
280,309,790
281,309,784
282,309,792
283,309,810
284,309,796
285,309,820
286,309,824
287,309,824
288,309,821
289,309,816
290,309,835
291,309,823
292,309,817
293,309,811
294,309,839
295,309,824
296,309,800
297,309,868
298,309,862
299,309,835
300,309,856
301,309,857
302,309,892
303,309,844
304,309,873
305,309,864
306,309,882
307,309,878
308,309,909
309,309,878
310,309,873
311,309,881
312,309,874
313,309,862
314,309,857
315,309,844
316,309,857
317,309,817
318,309,830
319,309,831
320,309,791
321,309,810
322,309,819
323,309,788
324,309,791
325,309,777
326,309,785
327,309,781
328,309,776
329,309,779
330,309,768
331,309,793
332,309,767
333,309,760
334,309,768
335,309,768
336,309,781
337,309,755
338,309,770
339,309,762
340,309,761
341,309,775
342,309,760
343,309,779
344,309,771
345,309,775
346,309,773
347,309,768
348,309,771
349,309,761
350,309,768
351,309,768
352,309,765
353,309,761
354,309,771
131,310,779
132,310,757
133,310,774
134,310,759
135,310,754
136,310,773
137,310,755
138,310,775
139,310,762
140,310,765
141,310,774
142,310,755
143,310,759
144,310,762
145,310,759
146,310,771
147,310,756
148,310,779
149,310,757
150,310,768
151,310,764
152,310,775
153,310,774
154,310,774
155,310,777
156,310,784
157,310,815
158,310,824
159,310,836
160,310,843
161,310,798
162,310,799
163,310,785
164,310,775
165,310,768
166,310,762
167,310,774
168,310,786
169,310,768
170,310,770
171,310,776
172,310,772
173,310,776
174,310,765
175,310,771
176,310,784
177,310,769
178,310,769
179,310,755
180,310,761
181,310,772
182,310,754
183,310,775
184,310,769
185,310,760
186,310,783
187,310,762
188,310,780
189,310,759
190,310,765
191,310,769
192,310,763
193,310,772
194,310,758
195,310,765
196,310,773
197,310,753
198,310,776
199,310,758
200,310,764
201,310,766
202,310,752
203,310,775
204,310,760
205,310,765
206,310,780
207,310,770
208,310,767
209,310,760
210,310,767
211,310,781
212,310,767
213,310,765
214,310,757
215,310,770
216,310,769
217,310,767
218,310,769
219,310,759
220,310,768
221,310,778
222,310,777
223,310,763
224,310,749
225,310,770
226,310,777
227,310,765
228,310,771
229,310,762
230,310,762
231,310,767
232,310,781
233,310,774
234,310,767
235,310,770
236,310,778
237,310,773
238,310,766
239,310,780
240,310,772
241,310,768
242,310,770
243,310,773
244,310,760
245,310,773
246,310,760
247,310,779
248,310,770
249,310,764
250,310,765
251,310,758
252,310,765
253,310,760
254,310,764
255,310,770
256,310,750
257,310,776
258,310,758
259,310,765
260,310,781
261,310,752
262,310,772
263,310,764
264,310,762
265,310,782
266,310,755
267,310,775
268,310,779
269,310,778
270,310,774
271,310,766
272,310,760
273,310,776
274,310,775
275,310,781
276,310,766
277,310,786
278,310,775
279,310,777
280,310,782
281,310,798
282,310,797
283,310,790
284,310,777
285,310,796
286,310,788
287,310,817
288,310,811
289,310,816
290,310,810
291,310,816
292,310,812
293,310,805
294,310,801
295,310,808
296,310,821
297,310,828
298,310,838
299,310,829
300,310,829
301,310,840
302,310,837
303,310,851
304,310,841
305,310,860
306,310,848
307,310,844
308,310,850
309,310,883
310,310,865
311,310,849
312,310,820
313,310,838
314,310,843
315,310,848
316,310,840
317,310,814
318,310,803
319,310,791
320,310,794
321,310,799
322,310,779
323,310,791
324,310,793
325,310,787
326,310,784
327,310,765
328,310,773
329,310,773
330,310,773
331,310,772
332,310,770
333,310,776
334,310,759
335,310,755
336,310,778
337,310,756
338,310,765
339,310,765
340,310,769
341,310,767
342,310,756
343,310,785
344,310,760
345,310,770
346,310,755
347,310,765
348,310,768
349,310,766
350,310,767
351,310,757
352,310,776
133,311,763
134,311,763
135,311,777
136,311,773
137,311,757
138,311,782
139,311,758
140,311,778
141,311,753
142,311,771
143,311,760
144,311,761
145,311,768
146,311,779
147,311,778
148,311,767
149,311,785
150,311,768
151,311,775
152,311,775
153,311,764
154,311,777
155,311,793
156,311,795
157,311,819
158,311,847
159,311,856
160,311,857
161,311,840
162,311,852
163,311,805
164,311,788
165,311,779
166,311,773
167,311,781
168,311,776
169,311,780
170,311,767
171,311,778
172,311,761
173,311,780
174,311,764
175,311,774
176,311,770
177,311,760
178,311,769
179,311,760
180,311,777
181,311,773
182,311,768
183,311,777
184,311,768
185,311,784
186,311,760
187,311,773
188,311,765
189,311,754
190,311,776
191,311,766
192,311,775
193,311,766
194,311,763
195,311,771
196,311,760
197,311,764
198,311,783
199,311,770
200,311,778
201,311,770
202,311,754
203,311,783
204,311,751
205,311,768
206,311,765
207,311,763
208,311,765
209,311,760
210,311,777
211,311,762
212,311,770
213,311,764
214,311,765
215,311,780
216,311,772
217,311,788
218,311,770
219,311,784
220,311,781
221,311,775
222,311,781
223,311,758
224,311,774
225,311,778
226,311,775
227,311,771
228,311,768
229,311,788
230,311,773
231,311,777
232,311,771
233,311,776
234,311,773
235,311,777
236,311,774
237,311,784
238,311,788
239,311,773
240,311,780
241,311,781
242,311,779
243,311,774
244,311,783
245,311,780
246,311,781
247,311,782
248,311,769
249,311,785
250,311,771
251,311,769
252,311,789
253,311,765
254,311,788
255,311,768
256,311,770
257,311,784
258,311,766
259,311,784
260,311,785
261,311,778
262,311,779
263,311,753
264,311,774
265,311,787
266,311,767
267,311,781
268,311,776
269,311,781
270,311,768
271,311,774
272,311,774
273,311,770
274,311,778
275,311,785
276,311,785
277,311,775
278,311,776
279,311,786
280,311,783
281,311,776
282,311,782
283,311,793
284,311,788
285,311,803
286,311,813
287,311,807
288,311,797
289,311,817
290,311,791
291,311,802
292,311,797
293,311,809
294,311,811
295,311,799
296,311,805
297,311,788
298,311,831
299,311,832
300,311,821
301,311,839
302,311,817
303,311,820
304,311,826
305,311,832
306,311,865
307,311,823
308,311,867
309,311,814
310,311,832
311,311,852
312,311,861
313,311,860
314,311,824
315,311,823
316,311,821
317,311,800
318,311,798
319,311,796
320,311,789
321,311,800
322,311,784
323,311,788
324,311,784
325,311,775
326,311,822
327,311,779
328,311,791
329,311,780
330,311,783
331,311,789
332,311,762
333,311,785
334,311,775
335,311,784
336,311,778
337,311,779
338,311,777
339,311,765
340,311,777
341,311,766
342,311,772
343,311,758
344,311,773
345,311,774
346,311,767
347,311,775
348,311,760
349,311,785
350,311,759
351,311,771
135,312,772
136,312,756
137,312,756
138,312,762
139,312,767
140,312,768
141,312,766
142,312,761
143,312,767
144,312,764
145,312,761
146,312,772
147,312,765
148,312,762
149,312,774
150,312,765
151,312,765
152,312,775
153,312,768
154,312,768
155,312,782
156,312,785
157,312,805
158,312,853
159,312,857
160,312,842
161,312,838
162,312,807
163,312,811
164,312,774
165,312,798
166,312,766
167,312,775
168,312,773
169,312,753
170,312,769
171,312,755
172,312,762
173,312,776
174,312,755
175,312,772
176,312,749
177,312,754
178,312,775
179,312,757
180,312,775
181,312,763
182,312,767
183,312,774
184,312,765
185,312,783
186,312,756
187,312,767
188,312,767
189,312,753
190,312,773
191,312,754
192,312,766
193,312,754
194,312,763
195,312,772
196,312,762
197,312,772
198,312,745
199,312,774
200,312,767
201,312,771
202,312,770
203,312,762
204,312,766
205,312,757
206,312,769
207,312,764
208,312,777
209,312,768
210,312,774
211,312,768
212,312,774
213,312,764
214,312,764
215,312,770
216,312,769
217,312,784
218,312,763
219,312,775
220,312,775
221,312,773
222,312,786
223,312,760
224,312,780
225,312,755
226,312,771
227,312,773
228,312,762
229,312,781
230,312,762
231,312,777
232,312,759
233,312,774
234,312,772
235,312,757
236,312,777
237,312,761
238,312,769
239,312,781
240,312,764
241,312,770
242,312,779
243,312,766
244,312,763
245,312,784
246,312,759
247,312,771
248,312,769
249,312,767
250,312,774
251,312,763
252,312,785
253,312,768
254,312,782
255,312,764
256,312,768
257,312,771
258,312,767
259,312,771
260,312,760
261,312,770
262,312,767
263,312,755
264,312,777
265,312,757
266,312,773
267,312,755
268,312,767
269,312,773
270,312,759
271,312,770
272,312,760
273,312,773
274,312,773
275,312,770
276,312,776
277,312,767
278,312,773
279,312,770
280,312,773
281,312,784
282,312,783
283,312,785
284,312,791
285,312,783
286,312,778
287,312,807
288,312,807
289,312,799
290,312,804
291,312,802
292,312,794
293,312,799
294,312,801
295,312,798
296,312,809
297,312,790
298,312,808
299,312,811
300,312,809
301,312,830
302,312,813
303,312,829
304,312,804
305,312,821
306,312,846
307,312,820
308,312,844
309,312,818
310,312,827
311,312,851
312,312,837
313,312,835
314,312,805
315,312,818
316,312,803
317,312,796
318,312,811
319,312,800
320,312,786
321,312,786
322,312,791
323,312,778
324,312,772
325,312,794
326,312,771
327,312,778
328,312,780
329,312,774
330,312,773
331,312,774
332,312,764
333,312,777
334,312,760
335,312,766
336,312,769
337,312,769
338,312,767
339,312,768
340,312,763
341,312,764
342,312,783
343,312,761
344,312,775
345,312,764
346,312,758
347,312,762
348,312,759
349,312,772
350,312,767
137,313,777
138,313,763
139,313,767
140,313,776
141,313,769
142,313,772
143,313,765
144,313,774
145,313,751
146,313,771
147,313,763
148,313,784
149,313,764
150,313,771
151,313,782
152,313,753
153,313,773
154,313,787
155,313,787
156,313,773
157,313,814
158,313,799
159,313,824
160,313,831
161,313,807
162,313,805
163,313,785
164,313,800
165,313,795
166,313,779
167,313,774
168,313,779
169,313,767
170,313,786
171,313,762
172,313,773
173,313,777
174,313,777
175,313,781
176,313,750
177,313,786
178,313,765
179,313,787
180,313,791
181,313,758
182,313,799
183,313,754
184,313,792
185,313,760
186,313,781
187,313,782
188,313,759
189,313,781
190,313,773
191,313,773
192,313,768
193,313,775
194,313,766
195,313,770
196,313,772
197,313,767
198,313,757
199,313,759
200,313,768
201,313,769
202,313,776
203,313,778
204,313,762
205,313,766
206,313,758
207,313,774
208,313,758
209,313,779
210,313,756
211,313,767
212,313,770
213,313,775
214,313,777
215,313,776
216,313,776
217,313,775
218,313,781
219,313,775
220,313,768
221,313,789
222,313,761
223,313,785
224,313,766
225,313,767
226,313,773
227,313,757
228,313,779
229,313,771
230,313,763
231,313,767
232,313,765
233,313,772
234,313,772
235,313,755
236,313,771
237,313,769
238,313,776
239,313,783
240,313,759
241,313,782
242,313,776
243,313,776
244,313,771
245,313,755
246,313,792
247,313,775
248,313,776
249,313,771
250,313,767
251,313,789
252,313,773
253,313,773
254,313,776
255,313,770
256,313,783
257,313,789
258,313,776
259,313,775
260,313,775
261,313,778
262,313,765
263,313,767
264,313,772
265,313,773
266,313,769
267,313,776
268,313,772
269,313,773
270,313,769
271,313,773
272,313,770
273,313,771
274,313,770
275,313,776
276,313,789
277,313,768
278,313,782
279,313,786
280,313,778
281,313,774
282,313,773
283,313,782
284,313,780
285,313,793
286,313,794
287,313,793
288,313,808
289,313,803
290,313,814
291,313,786
292,313,801
293,313,785
294,313,784
295,313,783
296,313,796
297,313,789
298,313,797
299,313,790
300,313,799
301,313,814
302,313,788
303,313,821
304,313,802
305,313,816
306,313,805
307,313,807
308,313,838
309,313,806
310,313,837
311,313,803
312,313,825
313,313,806
314,313,805
315,313,799
316,313,798
317,313,808
318,313,783
319,313,801
320,313,784
321,313,790
322,313,786
323,313,781
324,313,790
325,313,791
326,313,795
327,313,779
328,313,785
329,313,775
330,313,776
331,313,764
332,313,777
333,313,773
334,313,776
335,313,783
336,313,775
337,313,775
338,313,770
339,313,778
340,313,758
341,313,767
342,313,769
343,313,777
344,313,774
345,313,760
346,313,774
347,313,767
348,313,783
349,313,766
139,314,772
140,314,772
141,314,779
142,314,762
143,314,787
144,314,773
145,314,766
146,314,777
147,314,763
148,314,783
149,314,758
150,314,776
151,314,769
152,314,779
153,314,772
154,314,757
155,314,777
156,314,776
157,314,795
158,314,808
159,314,791
160,314,803
161,314,790
162,314,810
163,314,784
164,314,789
165,314,786
166,314,775
167,314,785
168,314,755
169,314,771
170,314,772
171,314,778
172,314,788
173,314,761
174,314,777
175,314,770
176,314,770
177,314,785
178,314,777
179,314,786
180,314,772
181,314,771
182,314,764
183,314,772
184,314,777
185,314,774
186,314,776
187,314,785
188,314,771
189,314,781
190,314,776
191,314,784
192,314,770
193,314,769
194,314,781
195,314,771
196,314,780
197,314,757
198,314,788
199,314,776
200,314,769
201,314,787
202,314,764
203,314,783
204,314,767
205,314,773
206,314,773
207,314,775
208,314,789
209,314,772
210,314,787
211,314,773
212,314,778
213,314,768
214,314,775
215,314,775
216,314,768
217,314,779
218,314,766
219,314,785
220,314,770
221,314,786
222,314,771
223,314,774
224,314,779
225,314,761
226,314,778
227,314,758
228,314,785
229,314,765
230,314,784
231,314,771
232,314,766
233,314,782
234,314,754
235,314,789
236,314,773
237,314,775
238,314,788
239,314,766
240,314,797
241,314,761
242,314,782
243,314,775
244,314,780
245,314,777
246,314,769
247,314,779
248,314,769
249,314,775
250,314,769
251,314,773
252,314,763
253,314,767
254,314,771
255,314,766
256,314,780
257,314,758
258,314,774
259,314,766
260,314,764
261,314,771
262,314,746
263,314,781
264,314,765
265,314,777
266,314,766
267,314,756
268,314,788
269,314,756
270,314,785
271,314,766
272,314,777
273,314,769
274,314,772
275,314,781
276,314,756
277,314,780
278,314,767
279,314,771
280,314,801
281,314,776
282,314,785
283,314,776
284,314,779
285,314,799
286,314,785
287,314,792
288,314,785
289,314,796
290,314,814
291,314,786
292,314,790
293,314,795
294,314,793
295,314,802
296,314,772
297,314,815
298,314,797
299,314,792
300,314,806
301,314,780
302,314,808
303,314,795
304,314,788
305,314,807
306,314,800
307,314,810
308,314,800
309,314,808
310,314,802
311,314,800
312,314,800
313,314,800
314,314,802
315,314,791
316,314,787
317,314,788
318,314,774
319,314,786
320,314,786
321,314,783
322,314,791
323,314,774
324,314,782
325,314,786
326,314,774
327,314,779
328,314,774
329,314,772
330,314,778
331,314,798
332,314,776
333,314,788
334,314,778
335,314,782
336,314,768
337,314,762
338,314,779
339,314,769
340,314,783
341,314,773
342,314,774
343,314,783
344,314,770
345,314,776
346,314,772
347,314,757
141,315,762
142,315,763
143,315,766
144,315,758
145,315,765
146,315,766
147,315,762
148,315,772
149,315,759
150,315,776
151,315,757
152,315,775
153,315,759
154,315,774
155,315,773
156,315,763
157,315,796
158,315,760
159,315,795
160,315,774
161,315,784
162,315,797
163,315,773
164,315,777
165,315,762
166,315,783
167,315,770
168,315,761
169,315,773
170,315,774
171,315,778
172,315,763
173,315,765
174,315,781
175,315,772
176,315,768
177,315,772
178,315,761
179,315,770
180,315,752
181,315,778
182,315,763
183,315,757
184,315,770
185,315,747
186,315,771
187,315,757
188,315,774
189,315,759
190,315,752
191,315,785
192,315,756
193,315,776
194,315,755
195,315,774
196,315,755
197,315,773
198,315,769
199,315,759
200,315,773
201,315,755
202,315,769
203,315,756
204,315,771
205,315,764
206,315,763
207,315,769
208,315,768
209,315,766
210,315,770
211,315,764
212,315,772
213,315,771
214,315,760
215,315,770
216,315,759
217,315,766
218,315,763
219,315,753
220,315,785
221,315,755
222,315,773
223,315,771
224,315,755
225,315,776
226,315,758
227,315,771
228,315,780
229,315,756
230,315,772
231,315,763
232,315,764
233,315,761
234,315,759
235,315,759
236,315,762
237,315,762
238,315,769
239,315,763
240,315,764
241,315,774
242,315,775
243,315,777
244,315,752
245,315,774
246,315,770
247,315,771
248,315,768
249,315,760
250,315,778
251,315,764
252,315,776
253,315,771
254,315,771
255,315,774
256,315,760
257,315,783
258,315,766
259,315,776
260,315,762
261,315,762
262,315,772
263,315,758
264,315,772
265,315,762
266,315,759
267,315,758
268,315,765
269,315,763
270,315,763
271,315,764
272,315,762
273,315,772
274,315,764
275,315,777
276,315,761
277,315,785
278,315,762
279,315,770
280,315,785
281,315,762
282,315,787
283,315,760
284,315,781
285,315,787
286,315,772
287,315,800
288,315,752
289,315,777
290,315,778
291,315,794
292,315,776
293,315,771
294,315,803
295,315,780
296,315,796
297,315,773
298,315,791
299,315,780
300,315,771
301,315,791
302,315,790
303,315,784
304,315,785
305,315,811
306,315,777
307,315,797
308,315,793
309,315,812
310,315,783
311,315,783
312,315,791
313,315,776
314,315,792
315,315,777
316,315,803
317,315,780
318,315,786
319,315,784
320,315,755
321,315,790
322,315,757
323,315,799
324,315,763
325,315,780
326,315,788
327,315,770
328,315,785
329,315,758
330,315,785
331,315,757
332,315,778
333,315,773
334,315,772
335,315,775
336,315,768
337,315,769
338,315,765
339,315,767
340,315,764
341,315,772
342,315,764
343,315,773
344,315,756
345,315,774
346,315,756
143,316,771
144,316,764
145,316,778
146,316,758
147,316,772
148,316,762
149,316,779
150,316,766
151,316,760
152,316,763
153,316,761
154,316,777
155,316,763
156,316,777
157,316,761
158,316,768
159,316,769
160,316,777
161,316,777
162,316,773
163,316,771
164,316,775
165,316,754
166,316,778
167,316,767
168,316,770
169,316,770
170,316,754
171,316,767
172,316,759
173,316,788
174,316,762
175,316,771
176,316,775
177,316,775
178,316,773
179,316,756
180,316,778
181,316,759
182,316,775
183,316,774
184,316,769
185,316,764
186,316,760
187,316,768
188,316,766
189,316,775
190,316,770
191,316,770
192,316,770
193,316,777
194,316,762
195,316,771
196,316,757
197,316,775
198,316,764
199,316,751
200,316,777
201,316,754
202,316,778
203,316,768
204,316,768
205,316,777
206,316,757
207,316,783
208,316,765
209,316,776
210,316,769
211,316,759
212,316,779
213,316,756
214,316,780
215,316,768
216,316,769
217,316,777
218,316,766
219,316,776
220,316,768
221,316,770
222,316,765
223,316,763
224,316,767
225,316,775
226,316,765
227,316,775
228,316,770
229,316,764
230,316,779
231,316,759
232,316,779
233,316,760
234,316,782
235,316,780
236,316,760
237,316,789
238,316,761
239,316,769
240,316,766
241,316,762
242,316,774
243,316,755
244,316,785
245,316,756
246,316,783
247,316,761
248,316,765
249,316,759
250,316,764
251,316,778
252,316,762
253,316,764
254,316,771
255,316,756
256,316,771
257,316,772
258,316,777
259,316,775
260,316,776
261,316,767
262,316,773
263,316,768
264,316,774
265,316,784
266,316,765
267,316,783
268,316,758
269,316,776
270,316,764
271,316,769
272,316,778
273,316,766
274,316,786
275,316,752
276,316,781
277,316,772
278,316,765
279,316,791
280,316,757
281,316,790
282,316,769
283,316,781
284,316,801
285,316,776
286,316,793
287,316,781
288,316,791
289,316,790
290,316,779
291,316,791
292,316,793
293,316,773
294,316,786
295,316,772
296,316,787
297,316,781
298,316,774
299,316,797
300,316,767
301,316,787
302,316,785
303,316,781
304,316,780
305,316,787
306,316,789
307,316,790
308,316,797
309,316,783
310,316,786
311,316,792
312,316,778
313,316,797
314,316,765
315,316,799
316,316,773
317,316,779
318,316,774
319,316,783
320,316,774
321,316,776
322,316,759
323,316,776
324,316,760
325,316,784
326,316,767
327,316,781
328,316,778
329,316,758
330,316,769
331,316,764
332,316,773
333,316,763
334,316,754
335,316,779
336,316,755
337,316,780
338,316,767
339,316,775
340,316,766
341,316,759
342,316,778
343,316,757
344,316,765
345,316,765
145,317,759
146,317,767
147,317,774
148,317,770
149,317,775
150,317,767
151,317,769
152,317,779
153,317,757
154,317,782
155,317,766
156,317,782
157,317,781
158,317,776
159,317,775
160,317,766
161,317,783
162,317,752
163,317,780
164,317,753
165,317,779
166,317,769
167,317,768
168,317,781
169,317,762
170,317,781
171,317,772
172,317,775
173,317,756
174,317,780
175,317,767
176,317,775
177,317,769
178,317,766
179,317,776
180,317,769
181,317,781
182,317,769
183,317,777
184,317,768
185,317,767
186,317,771
187,317,762
188,317,782
189,317,761
190,317,781
191,317,763
192,317,781
193,317,751
194,317,779
195,317,766
196,317,758
197,317,777
198,317,755
199,317,772
200,317,759
201,317,768
202,317,777
203,317,751
204,317,784
205,317,755
206,317,777
207,317,771
208,317,770
209,317,783
210,317,767
211,317,769
212,317,767
213,317,763
214,317,774
215,317,765
216,317,766
217,317,775
218,317,762
219,317,785
220,317,768
221,317,774
222,317,785
223,317,772
224,317,779
225,317,770
226,317,765
227,317,773
228,317,764
229,317,775
230,317,771
231,317,780
232,317,760
233,317,774
234,317,771
235,317,771
236,317,774
237,317,772
238,317,772
239,317,764
240,317,769
241,317,767
242,317,778
243,317,769
244,317,768
245,317,773
246,317,780
247,317,775
248,317,753
249,317,769
250,317,750
251,317,783
252,317,771
253,317,773
254,317,785
255,317,763
256,317,784
257,317,765
258,317,770
259,317,775
260,317,758
261,317,792
262,317,757
263,317,779
264,317,774
265,317,768
266,317,775
267,317,749
268,317,775
269,317,780
270,317,775
271,317,774
272,317,771
273,317,774
274,317,773
275,317,766
276,317,771
277,317,783
278,317,767
279,317,787
280,317,764
281,317,785
282,317,783
283,317,766
284,317,791
285,317,760
286,317,791
287,317,763
288,317,785
289,317,767
290,317,774
291,317,799
292,317,770
293,317,793
294,317,770
295,317,792
296,317,793
297,317,770
298,317,808
299,317,768
300,317,797
301,317,777
302,317,790
303,317,772
304,317,778
305,317,790
306,317,782
307,317,797
308,317,786
309,317,785
310,317,769
311,317,784
312,317,773
313,317,797
314,317,783
315,317,783
316,317,784
317,317,769
318,317,798
319,317,767
320,317,778
321,317,769
322,317,781
323,317,781
324,317,756
325,317,787
326,317,766
327,317,787
328,317,763
329,317,773
330,317,783
331,317,775
332,317,793
333,317,757
334,317,778
335,317,774
336,317,777
337,317,770
338,317,772
339,317,769
340,317,769
341,317,774
342,317,774
343,317,763
344,317,766
147,318,754
148,318,765
149,318,771
150,318,760
151,318,781
152,318,757
153,318,779
154,318,758
155,318,780
156,318,763
157,318,776
158,318,773
159,318,779
160,318,778
161,318,768
162,318,771
163,318,774
164,318,783
165,318,782
166,318,769
167,318,765
168,318,762
169,318,769
170,318,772
171,318,760
172,318,767
173,318,763
174,318,762
175,318,776
176,318,753
177,318,779
178,318,751
179,318,774
180,318,769
181,318,772
182,318,768
183,318,761
184,318,774
185,318,755
186,318,767
187,318,767
188,318,761
189,318,766
190,318,763
191,318,766
192,318,765
193,318,772
194,318,768
195,318,777
196,318,761
197,318,774
198,318,776
199,318,768
200,318,772
201,318,764
202,318,766
203,318,758
204,318,779
205,318,757
206,318,776
207,318,763
208,318,785
209,318,787
210,318,750
211,318,787
212,318,762
213,318,780
214,318,777
215,318,765
216,318,788
217,318,752
218,318,779
219,318,763
220,318,773
221,318,772
222,318,772
223,318,779
224,318,770
225,318,774
226,318,768
227,318,771
228,318,770
229,318,777
230,318,771
231,318,764
232,318,764
233,318,773
234,318,780
235,318,760
236,318,777
237,318,768
238,318,767
239,318,775
240,318,765
241,318,780
242,318,757
243,318,767
244,318,765
245,318,765
246,318,784
247,318,756
248,318,787
249,318,761
250,318,771
251,318,772
252,318,768
253,318,785
254,318,760
255,318,778
256,318,764
257,318,770
258,318,768
259,318,762
260,318,781
261,318,759
262,318,778
263,318,784
264,318,765
265,318,765
266,318,776
267,318,768
268,318,791
269,318,773
270,318,777
271,318,781
272,318,765
273,318,780
274,318,758
275,318,782
276,318,780
277,318,769
278,318,792
279,318,763
280,318,780
281,318,788
282,318,771
283,318,776
284,318,775
285,318,789
286,318,771
287,318,795
288,318,782
289,318,786
290,318,786
291,318,791
292,318,785
293,318,783
294,318,786
295,318,781
296,318,790
297,318,774
298,318,786
299,318,773
300,318,777
301,318,768
302,318,785
303,318,789
304,318,778
305,318,802
306,318,767
307,318,789
308,318,769
309,318,769
310,318,786
311,318,760
312,318,809
313,318,762
314,318,783
315,318,771
316,318,780
317,318,784
318,318,771
319,318,781
320,318,772
321,318,769
322,318,771
323,318,767
324,318,761
325,318,767
326,318,770
327,318,774
328,318,772
329,318,778
330,318,774
331,318,754
332,318,793
333,318,755
334,318,795
335,318,761
336,318,769
337,318,782
338,318,752
339,318,778
340,318,747
341,318,786
342,318,749
343,318,773
149,319,769
150,319,764
151,319,774
152,319,769
153,319,775
154,319,777
155,319,764
156,319,780
157,319,757
158,319,774
159,319,767
160,319,786
161,319,759
162,319,766
163,319,770
164,319,771
165,319,775
166,319,760
167,319,782
168,319,756
169,319,785
170,319,768
171,319,767
172,319,777
173,319,765
174,319,784
175,319,754
176,319,789
177,319,772
178,319,786
179,319,779
180,319,776
181,319,776
182,319,767
183,319,779
184,319,772
185,319,782
186,319,777
187,319,772
188,319,779
189,319,769
190,319,775
191,319,767
192,319,764
193,319,775
194,319,778
195,319,760
196,319,781
197,319,773
198,319,778
199,319,774
200,319,771
201,319,785
202,319,761
203,319,786
204,319,772
205,319,767
206,319,772
207,319,761
208,319,771
209,319,774
210,319,770
211,319,774
212,319,771
213,319,765
214,319,770
215,319,780
216,319,769
217,319,774
218,319,779
219,319,771
220,319,768
221,319,777
222,319,772
223,319,779
224,319,759
225,319,789
226,319,770
227,319,765
228,319,783
229,319,762
230,319,781
231,319,777
232,319,781
233,319,770
234,319,768
235,319,776
236,319,761
237,319,777
238,319,776
239,319,773
240,319,782
241,319,778
242,319,778
243,319,770
244,319,773
245,319,775
246,319,770
247,319,771
248,319,773
249,319,760
250,319,769
251,319,779
252,319,761
253,319,784
254,319,761
255,319,770
256,319,772
257,319,768
258,319,780
259,319,745
260,319,792
261,319,753
262,319,776
263,319,776
264,319,766
265,319,785
266,319,765
267,319,785
268,319,780
269,319,775
270,319,781
271,319,763
272,319,788
273,319,760
274,319,782
275,319,778
276,319,774
277,319,777
278,319,781
279,319,772
280,319,773
281,319,784
282,319,776
283,319,781
284,319,778
285,319,789
286,319,782
287,319,783
288,319,797
289,319,759
290,319,801
291,319,757
292,319,790
293,319,769
294,319,780
295,319,783
296,319,768
297,319,799
298,319,771
299,319,800
300,319,768
301,319,774
302,319,782
303,319,770
304,319,794
305,319,767
306,319,783
307,319,773
308,319,780
309,319,772
310,319,766
311,319,787
312,319,781
313,319,794
314,319,774
315,319,781
316,319,770
317,319,787
318,319,767
319,319,782
320,319,784
321,319,773
322,319,769
323,319,752
324,319,796
325,319,772
326,319,786
327,319,773
328,319,776
329,319,780
330,319,760
331,319,790
332,319,755
333,319,794
334,319,767
335,319,777
336,319,778
337,319,768
338,319,776
339,319,764
340,319,774
341,319,769
152,320,786
153,320,764
154,320,784
155,320,770
156,320,770
157,320,779
158,320,763
159,320,786
160,320,757
161,320,776
162,320,767
163,320,770
164,320,774
165,320,775
166,320,775
167,320,768
168,320,759
169,320,767
170,320,768
171,320,764
172,320,784
173,320,769
174,320,773
175,320,758
176,320,761
177,320,774
178,320,770
179,320,777
180,320,757
181,320,779
182,320,761
183,320,789
184,320,762
185,320,770
186,320,772
187,320,755
188,320,785
189,320,753
190,320,787
191,320,771
192,320,768
193,320,779
194,320,768
195,320,780
196,320,761
197,320,785
198,320,771
199,320,764
200,320,772
201,320,761
202,320,773
203,320,778
204,320,767
205,320,757
206,320,777
207,320,758
208,320,776
209,320,763
210,320,778
211,320,771
212,320,768
213,320,786
214,320,761
215,320,784
216,320,771
217,320,775
218,320,779
219,320,779
220,320,777
221,320,759
222,320,778
223,320,778
224,320,779
225,320,770
226,320,763
227,320,783
228,320,764
229,320,780
230,320,772
231,320,774
232,320,778
233,320,761
234,320,767
235,320,765
236,320,782
237,320,768
238,320,780
239,320,781
240,320,784
241,320,779
242,320,788
243,320,782
244,320,781
245,320,784
246,320,770
247,320,777
248,320,760
249,320,771
250,320,782
251,320,759
252,320,780
253,320,761
254,320,783
255,320,768
256,320,772
257,320,789
258,320,765
259,320,785
260,320,767
261,320,763
262,320,772
263,320,768
264,320,764
265,320,780
266,320,773
267,320,775
268,320,784
269,320,766
270,320,777
271,320,776
272,320,770
273,320,772
274,320,767
275,320,782
276,320,755
277,320,776
278,320,763
279,320,782
280,320,775
281,320,778
282,320,782
283,320,778
284,320,790
285,320,778
286,320,775
287,320,773
288,320,781
289,320,787
290,320,772
291,320,785
292,320,771
293,320,777
294,320,790
295,320,783
296,320,787
297,320,774
298,320,769
299,320,779
300,320,795
301,320,790
302,320,786
303,320,767
304,320,797
305,320,774
306,320,774
307,320,784
308,320,767
309,320,789
310,320,762
311,320,783
312,320,769
313,320,783
314,320,786
315,320,769
316,320,794
317,320,767
318,320,778
319,320,769
320,320,766
321,320,773
322,320,771
323,320,778
324,320,770
325,320,776
326,320,763
327,320,785
328,320,768
329,320,776
330,320,760
331,320,772
332,320,773
333,320,770
334,320,771
335,320,766
336,320,774
337,320,763
338,320,782
339,320,766
340,320,790
154,321,759
155,321,779
156,321,771
157,321,785
158,321,766
159,321,778
160,321,770
161,321,772
162,321,775
163,321,777
164,321,794
165,321,768
166,321,775
167,321,761
168,321,784
169,321,765
170,321,768
171,321,788
172,321,765
173,321,789
174,321,752
175,321,789
176,321,770
177,321,778
178,321,781
179,321,769
180,321,785
181,321,766
182,321,785
183,321,769
184,321,773
185,321,775
186,321,767
187,321,763
188,321,774
189,321,771
190,321,766
191,321,781
192,321,761
193,321,784
194,321,761
195,321,780
196,321,776
197,321,775
198,321,784
199,321,765
200,321,781
201,321,768
202,321,780
203,321,776
204,321,770
205,321,791
206,321,766
207,321,785
208,321,768
209,321,782
210,321,775
211,321,769
212,321,774
213,321,770
214,321,786
215,321,758
216,321,772
217,321,768
218,321,771
219,321,773
220,321,761
221,321,763
222,321,764
223,321,767
224,321,770
225,321,775
226,321,765
227,321,774
228,321,775
229,321,775
230,321,775
231,321,768
232,321,779
233,321,768
234,321,775
235,321,773
236,321,767
237,321,771
238,321,766
239,321,777
240,321,775
241,321,780
242,321,778
243,321,766
244,321,785
245,321,778
246,321,776
247,321,768
248,321,772
249,321,768
250,321,776
251,321,773
252,321,771
253,321,774
254,321,766
255,321,771
256,321,778
257,321,779
258,321,768
259,321,770
260,321,765
261,321,776
262,321,780
263,321,765
264,321,790
265,321,769
266,321,781
267,321,785
268,321,792
269,321,802
270,321,777
271,321,801
272,321,776
273,321,773
274,321,771
275,321,762
276,321,778
277,321,760
278,321,771
279,321,768
280,321,779
281,321,777
282,321,789
283,321,773
284,321,767
285,321,781
286,321,767
287,321,783
288,321,778
289,321,785
290,321,766
291,321,772
292,321,779
293,321,767
294,321,790
295,321,758
296,321,792
297,321,773
298,321,769
299,321,783
300,321,775
301,321,809
302,321,771
303,321,792
304,321,767
305,321,777
306,321,775
307,321,766
308,321,796
309,321,764
310,321,783
311,321,773
312,321,779
313,321,773
314,321,766
315,321,760
316,321,779
317,321,772
318,321,761
319,321,778
320,321,760
321,321,778
322,321,762
323,321,777
324,321,767
325,321,781
326,321,770
327,321,768
328,321,788
329,321,749
330,321,784
331,321,761
332,321,769
333,321,774
334,321,761
335,321,772
336,321,759
337,321,776
338,321,754
339,321,780
156,322,774
157,322,765
158,322,772
159,322,770
160,322,776
161,322,776
162,322,766
163,322,776
164,322,770
165,322,792
166,322,763
167,322,773
168,322,763
169,322,765
170,322,775
171,322,762
172,322,779
173,322,764
174,322,770
175,322,773
176,322,772
177,322,768
178,322,789
179,322,764
180,322,769
181,322,773
182,322,777
183,322,785
184,322,773
185,322,784
186,322,768
187,322,790
188,322,767
189,322,778
190,322,790
191,322,768
192,322,797
193,322,771
194,322,790
195,322,789
196,322,777
197,322,785
198,322,770
199,322,775
200,322,774
201,322,782
202,322,767
203,322,783
204,322,762
205,322,771
206,322,784
207,322,768
208,322,776
209,322,772
210,322,779
211,322,769
212,322,775
213,322,765
214,322,776
215,322,790
216,322,763
217,322,795
218,322,779
219,322,779
220,322,764
221,322,776
222,322,782
223,322,770
224,322,791
225,322,758
226,322,789
227,322,762
228,322,773
229,322,778
230,322,774
231,322,788
232,322,766
233,322,789
234,322,779
235,322,770
236,322,785
237,322,773
238,322,793
239,322,768
240,322,790
241,322,779
242,322,789
243,322,771
244,322,770
245,322,771
246,322,768
247,322,779
248,322,761
249,322,794
250,322,765
251,322,781
252,322,779
253,322,764
254,322,790
255,322,755
256,322,776
257,322,772
258,322,774
259,322,784
260,322,754
261,322,787
262,322,761
263,322,777
264,322,773
265,322,782
266,322,778
267,322,791
268,322,815
269,322,773
270,322,803
271,322,761
272,322,782
273,322,770
274,322,768
275,322,778
276,322,761
277,322,787
278,322,777
279,322,768
280,322,771
281,322,763
282,322,780
283,322,766
284,322,781
285,322,780
286,322,786
287,322,771
288,322,793
289,322,776
290,322,776
291,322,792
292,322,765
293,322,785
294,322,766
295,322,782
296,322,773
297,322,762
298,322,784
299,322,785
300,322,796
301,322,815
302,322,786
303,322,789
304,322,766
305,322,774
306,322,779
307,322,779
308,322,766
309,322,771
310,322,770
311,322,785
312,322,781
313,322,771
314,322,779
315,322,785
316,322,778
317,322,775
318,322,787
319,322,768
320,322,778
321,322,780
322,322,790
323,322,768
324,322,778
325,322,784
326,322,763
327,322,777
328,322,761
329,322,787
330,322,774
331,322,778
332,322,772
333,322,775
334,322,778
335,322,785
336,322,771
337,322,766
338,322,773
158,323,765
159,323,773
160,323,777
161,323,773
162,323,774
163,323,770
164,323,776
165,323,774
166,323,778
167,323,764
168,323,792
169,323,756
170,323,777
171,323,758
172,323,763
173,323,777
174,323,760
175,323,781
176,323,755
177,323,782
178,323,771
179,323,773
180,323,764
181,323,762
182,323,771
183,323,768
184,323,771
185,323,756
186,323,784
187,323,749
188,323,774
189,323,773
190,323,774
191,323,780
192,323,774
193,323,780
194,323,767
195,323,790
196,323,777
197,323,764
198,323,782
199,323,762
200,323,777
201,323,760
202,323,776
203,323,760
204,323,780
205,323,776
206,323,772
207,323,766
208,323,769
209,323,778
210,323,760
211,323,775
212,323,767
213,323,776
214,323,779
215,323,760
216,323,785
217,323,765
218,323,782
219,323,769
220,323,770
221,323,756
222,323,756
223,323,779
224,323,760
225,323,774
226,323,757
227,323,768
228,323,764
229,323,777
230,323,778
231,323,756
232,323,780
233,323,758
234,323,784
235,323,761
236,323,777
237,323,771
238,323,767
239,323,778
240,323,762
241,323,767
242,323,765
243,323,775
244,323,773
245,323,770
246,323,778
247,323,762
248,323,774
249,323,766
250,323,780
251,323,769
252,323,768
253,323,784
254,323,769
255,323,786
256,323,767
257,323,773
258,323,769
259,323,784
260,323,781
261,323,778
262,323,772
263,323,778
264,323,784
265,323,773
266,323,773
267,323,774
268,323,769
269,323,790
270,323,773
271,323,787
272,323,765
273,323,779
274,323,765
275,323,777
276,323,764
277,323,769
278,323,772
279,323,769
280,323,774
281,323,761
282,323,779
283,323,773
284,323,767
285,323,785
286,323,760
287,323,778
288,323,767
289,323,783
290,323,765
291,323,775
292,323,775
293,323,759
294,323,767
295,323,770
296,323,779
297,323,757
298,323,782
299,323,788
300,323,803
301,323,791
302,323,779
303,323,789
304,323,750
305,323,792
306,323,764
307,323,773
308,323,773
309,323,757
310,323,780
311,323,748
312,323,795
313,323,763
314,323,780
315,323,767
316,323,775
317,323,762
318,323,760
319,323,782
320,323,765
321,323,780
322,323,769
323,323,781
324,323,761
325,323,761
326,323,779
327,323,771
328,323,789
329,323,758
330,323,783
331,323,761
332,323,775
333,323,755
334,323,778
335,323,773
336,323,772
337,323,776
161,324,766
162,324,770
163,324,776
164,324,770
165,324,784
166,324,765
167,324,776
168,324,775
169,324,771
170,324,769
171,324,776
172,324,778
173,324,765
174,324,765
175,324,759
176,324,775
177,324,769
178,324,776
179,324,775
180,324,768
181,324,779
182,324,775
183,324,760
184,324,783
185,324,769
186,324,761
187,324,764
188,324,776
189,324,774
190,324,770
191,324,769
192,324,776
193,324,776
194,324,761
195,324,757
196,324,772
197,324,773
198,324,770
199,324,771
200,324,770
201,324,764
202,324,756
203,324,776
204,324,762
205,324,780
206,324,766
207,324,771
208,324,769
209,324,776
210,324,781
211,324,754
212,324,776
213,324,758
214,324,774
215,324,773
216,324,768
217,324,772
218,324,782
219,324,773
220,324,776
221,324,785
222,324,767
223,324,782
224,324,747
225,324,776
226,324,769
227,324,753
228,324,780
229,324,753
230,324,780
231,324,762
232,324,764
233,324,784
234,324,758
235,324,770
236,324,758
237,324,778
238,324,770
239,324,766
240,324,775
241,324,762
242,324,776
243,324,756
244,324,782
245,324,756
246,324,773
247,324,759
248,324,766
249,324,777
250,324,760
251,324,787
252,324,759
253,324,784
254,324,764
255,324,772
256,324,778
257,324,756
258,324,769
259,324,770
260,324,784
261,324,768
262,324,765
263,324,772
264,324,760
265,324,780
266,324,764
267,324,784
268,324,774
269,324,770
270,324,775
271,324,756
272,324,773
273,324,774
274,324,782
275,324,776
276,324,764
277,324,776
278,324,758
279,324,776
280,324,754
281,324,776
282,324,777
283,324,775
284,324,768
285,324,773
286,324,775
287,324,766
288,324,773
289,324,756
290,324,782
291,324,768
292,324,783
293,324,768
294,324,774
295,324,783
296,324,767
297,324,789
298,324,762
299,324,775
300,324,770
301,324,768
302,324,779
303,324,772
304,324,775
305,324,778
306,324,780
307,324,775
308,324,773
309,324,773
310,324,763
311,324,777
312,324,757
313,324,770
314,324,765
315,324,787
316,324,774
317,324,768
318,324,774
319,324,772
320,324,789
321,324,770
322,324,773
323,324,766
324,324,776
325,324,766
326,324,769
327,324,775
328,324,770
329,324,777
330,324,764
331,324,774
332,324,764
333,324,767
163,325,776
164,325,764
165,325,772
166,325,769
167,325,761
168,325,766
169,325,764
170,325,786
171,325,754
172,325,774
173,325,758
174,325,764
175,325,767
176,325,764
177,325,767
178,325,762
179,325,785
180,325,763
181,325,786
182,325,769
183,325,768
184,325,778
185,325,766
186,325,778
187,325,755
188,325,777
189,325,755
190,325,770
191,325,777
192,325,771
193,325,770
194,325,758
195,325,778
196,325,765
197,325,772
198,325,763
199,325,770
200,325,767
201,325,763
202,325,771
203,325,761
204,325,779
205,325,759
206,325,775
207,325,759
208,325,773
209,325,764
210,325,758
211,325,780
212,325,768
213,325,775
214,325,761
215,325,764
216,325,763
217,325,769
218,325,776
219,325,756
220,325,769
221,325,754
222,325,778
223,325,773
224,325,763
225,325,777
226,325,762
227,325,784
228,325,766
229,325,782
230,325,765
231,325,767
232,325,774
233,325,768
234,325,765
235,325,773
236,325,773
237,325,752
238,325,773
239,325,761
240,325,772
241,325,776
242,325,777
243,325,780
244,325,769
245,325,769
246,325,768
247,325,766
248,325,769
249,325,764
250,325,766
251,325,770
252,325,776
253,325,765
254,325,776
255,325,763
256,325,776
257,325,767
258,325,768
259,325,767
260,325,762
261,325,779
262,325,759
263,325,773
264,325,769
265,325,770
266,325,769
267,325,770
268,325,769
269,325,764
270,325,776
271,325,762
272,325,777
273,325,768
274,325,771
275,325,773
276,325,770
277,325,772
278,325,751
279,325,774
280,325,766
281,325,769
282,325,767
283,325,755
284,325,790
285,325,763
286,325,774
287,325,769
288,325,778
289,325,771
290,325,770
291,325,779
292,325,754
293,325,775
294,325,761
295,325,769
296,325,768
297,325,769
298,325,779
299,325,758
300,325,777
301,325,748
302,325,766
303,325,757
304,325,769
305,325,773
306,325,759
307,325,784
308,325,748
309,325,780
310,325,755
311,325,771
312,325,771
313,325,758
314,325,776
315,325,754
316,325,784
317,325,767
318,325,771
319,325,763
320,325,762
321,325,771
322,325,753
323,325,783
324,325,749
325,325,782
326,325,756
327,325,780
165,326,763
166,326,763
167,326,771
168,326,764
169,326,771
170,326,760
171,326,775
172,326,755
173,326,772
174,326,767
175,326,758
176,326,771
177,326,761
178,326,772
179,326,774
180,326,760
181,326,767
182,326,771
183,326,766
184,326,774
185,326,754
186,326,769
187,326,771
188,326,758
189,326,770
190,326,758
191,326,773
192,326,766
193,326,772
194,326,773
195,326,779
196,326,765
197,326,757
198,326,772
199,326,769
200,326,769
201,326,764
202,326,780
203,326,765
204,326,770
205,326,763
206,326,770
207,326,778
208,326,758
209,326,779
210,326,764
211,326,759
212,326,769
213,326,758
214,326,763
215,326,769
216,326,770
217,326,762
218,326,779
219,326,761
220,326,767
221,326,773
222,326,770
223,326,781
224,326,762
225,326,779
226,326,761
227,326,768
228,326,768
229,326,760
230,326,793
231,326,766
232,326,778
233,326,777
234,326,778
235,326,776
236,326,765
237,326,778
238,326,763
239,326,780
240,326,767
241,326,768
242,326,763
243,326,768
244,326,782
245,326,761
246,326,783
247,326,760
248,326,780
249,326,770
250,326,773
251,326,771
252,326,759
253,326,789
254,326,754
255,326,769
256,326,761
257,326,763
258,326,776
259,326,762
260,326,781
261,326,761
262,326,779
263,326,768
264,326,765
265,326,785
266,326,767
267,326,781
268,326,764
269,326,782
270,326,761
271,326,769
272,326,780
273,326,778
274,326,776
275,326,777
276,326,773
277,326,773
278,326,774
279,326,782
280,326,763
281,326,764
282,326,758
283,326,767
284,326,756
285,326,771
286,326,765
287,326,766
288,326,764
289,326,765
290,326,778
291,326,772
292,326,780
293,326,763
294,326,780
295,326,787
296,326,766
297,326,778
298,326,777
299,326,779
300,326,783
301,326,770
302,326,781
303,326,761
304,326,780
305,326,755
306,326,770
307,326,771
308,326,774
309,326,767
310,326,763
311,326,771
312,326,772
313,326,768
314,326,769
315,326,769
316,326,769
317,326,768
318,326,767
319,326,772
320,326,759
167,327,780
168,327,765
169,327,777
170,327,767
171,327,760
172,327,766
173,327,773
174,327,788
175,327,764
176,327,791
177,327,760
178,327,772
179,327,768
180,327,755
181,327,773
182,327,748
183,327,782
184,327,753
185,327,770
186,327,767
187,327,765
188,327,765
189,327,753
190,327,782
191,327,762
192,327,778
193,327,755
194,327,761
195,327,763
196,327,768
197,327,776
198,327,758
199,327,773
200,327,752
201,327,767
202,327,757
203,327,771
204,327,778
205,327,759
206,327,780
207,327,757
208,327,780
209,327,766
210,327,772
211,327,764
212,327,773
213,327,774
214,327,765
215,327,774
216,327,770
217,327,775
218,327,778
219,327,757
220,327,780
221,327,760
222,327,784
223,327,763
224,327,774
225,327,768
226,327,764
227,327,775
228,327,762
229,327,769
230,327,762
231,327,773
232,327,773
233,327,770
234,327,766
235,327,771
236,327,763
237,327,755
238,327,766
239,327,757
240,327,767
241,327,761
242,327,766
243,327,753
244,327,758
245,327,774
246,327,755
247,327,775
248,327,757
249,327,768
250,327,767
251,327,760
252,327,763
253,327,779
254,327,761
255,327,763
256,327,757
257,327,770
258,327,774
259,327,766
260,327,764
261,327,763
262,327,764
263,327,765
264,327,758
265,327,766
266,327,755
267,327,774
268,327,765
269,327,769
270,327,766
271,327,758
272,327,772
273,327,767
274,327,769
275,327,757
276,327,766
277,327,764
278,327,750
279,327,779
280,327,758
281,327,770
282,327,767
283,327,767
284,327,773
285,327,763
286,327,773
287,327,763
288,327,779
289,327,765
290,327,769
291,327,776
292,327,766
293,327,770
294,327,778
295,327,785
296,327,764
297,327,778
298,327,756
299,327,767
300,327,758
301,327,772
302,327,775
303,327,758
304,327,781
305,327,760
306,327,767
307,327,768
308,327,763
309,327,774
310,327,749
311,327,781
312,327,758
313,327,777
314,327,772
169,328,758
170,328,754
171,328,763
172,328,760
173,328,773
174,328,759
175,328,756
176,328,776
177,328,767
178,328,775
179,328,776
180,328,765
181,328,770
182,328,763
183,328,775
184,328,762
185,328,765
186,328,774
187,328,761
188,328,778
189,328,769
190,328,771
191,328,764
192,328,774
193,328,772
194,328,768
195,328,785
196,328,763
197,328,767
198,328,761
199,328,771
200,328,768
201,328,756
202,328,770
203,328,749
204,328,779
205,328,756
206,328,776
207,328,757
208,328,760
209,328,777
210,328,761
211,328,769
212,328,761
213,328,781
214,328,769
215,328,770
216,328,763
217,328,762
218,328,769
219,328,761
220,328,772
221,328,754
222,328,784
223,328,763
224,328,774
225,328,777
226,328,761
227,328,781
228,328,752
229,328,772
230,328,755
231,328,767
232,328,775
233,328,750
234,328,783
235,328,756
236,328,771
237,328,763
238,328,758
239,328,764
240,328,747
241,328,774
242,328,751
243,328,771
244,328,765
245,328,756
246,328,756
247,328,759
248,328,776
249,328,756
250,328,775
251,328,751
252,328,768
253,328,771
254,328,762
255,328,770
256,328,750
257,328,768
258,328,754
259,328,765
260,328,774
261,328,756
262,328,762
263,328,756
274,328,774
275,328,764
276,328,777
277,328,748
278,328,771
279,328,762
280,328,771
281,328,764
282,328,770
283,328,774
284,328,766
285,328,765
286,328,764
287,328,775
288,328,762
289,328,768
290,328,768
291,328,760
292,328,767
293,328,762
294,328,774
295,328,764
296,328,777
297,328,774
298,328,757
299,328,775
300,328,752
301,328,777
302,328,758
303,328,764
304,328,763
305,328,765
306,328,778
307,328,769
308,328,774
172,329,771
173,329,769
174,329,763
175,329,764
176,329,776
177,329,757
178,329,781
179,329,754
180,329,771
181,329,772
182,329,773
183,329,781
184,329,767
185,329,778
186,329,761
187,329,775
188,329,757
189,329,766
190,329,761
191,329,756
192,329,783
193,329,766
194,329,784
195,329,764
196,329,769
197,329,773
198,329,774
199,329,777
200,329,767
201,329,781
202,329,758
203,329,772
204,329,769
205,329,770
206,329,772
207,329,764
208,329,780
209,329,759
210,329,777
211,329,781
212,329,782
213,329,767
214,329,769
215,329,768
216,329,775
217,329,777
218,329,772
219,329,789
220,329,761
221,329,777
222,329,774
223,329,758
224,329,779
225,329,763
226,329,765
227,329,767
228,329,761
229,329,776
230,329,763
231,329,764
232,329,771
233,329,768
234,329,773
235,329,762
236,329,763
237,329,768
238,329,762
239,329,771
240,329,775
241,329,768
242,329,772
243,329,774
244,329,772
245,329,772
246,329,782
247,329,763
248,329,776
249,329,767
250,329,772
251,329,767
252,329,762
253,329,768
254,329,773
255,329,765
256,329,780
257,329,762
258,329,771
259,329,768
260,329,781
291,329,762
292,329,779
293,329,759
294,329,766
295,329,768
296,329,758
297,329,774
298,329,765
299,329,778
300,329,766
301,329,770
174,330,759
175,330,769
176,330,773
177,330,773
178,330,785
179,330,763
180,330,758
181,330,773
182,330,759
183,330,773
184,330,769
185,330,767
186,330,773
187,330,763
188,330,764
189,330,772
190,330,764
191,330,760
192,330,765
193,330,761
194,330,766
195,330,764
196,330,771
197,330,773
198,330,769
199,330,774
200,330,753
201,330,776
202,330,752
203,330,774
204,330,768
205,330,764
206,330,783
207,330,759
208,330,770
209,330,765
210,330,771
211,330,769
212,330,767
213,330,776
214,330,762
215,330,770
216,330,766
217,330,769
218,330,752
219,330,774
220,330,773
221,330,780
222,330,775
223,330,767
224,330,777
225,330,758
226,330,775
227,330,770
228,330,768
229,330,784
230,330,752
231,330,783
232,330,762
233,330,765
234,330,772
235,330,757
236,330,793
237,330,756
238,330,779
239,330,771
240,330,777
241,330,783
242,330,763
243,330,774
244,330,759
245,330,785
246,330,756
247,330,770
248,330,769
249,330,752
250,330,772
251,330,756
252,330,774
253,330,767
254,330,768
255,330,780
256,330,779
257,330,776
176,331,763
177,331,760
178,331,779
179,331,761
180,331,777
181,331,755
182,331,773
183,331,768
184,331,774
185,331,782
186,331,765
187,331,781
188,331,761
189,331,779
190,331,757
191,331,772
192,331,758
193,331,766
194,331,767
195,331,763
196,331,783
197,331,755
198,331,778
199,331,766
200,331,779
201,331,778
202,331,769
203,331,784
204,331,761
205,331,770
206,331,767
207,331,770
208,331,773
209,331,767
210,331,779
211,331,768
212,331,770
213,331,759
214,331,760
215,331,764
216,331,763
217,331,759
218,331,769
219,331,778
220,331,758
221,331,773
222,331,764
223,331,772
224,331,779
225,331,778
226,331,769
227,331,763
228,331,779
229,331,758
230,331,764
231,331,770
232,331,762
233,331,774
234,331,772
235,331,770
236,331,759
237,331,780
238,331,771
239,331,767
240,331,761
241,331,772
242,331,778
243,331,781
244,331,773
245,331,787
246,331,764
247,331,760
248,331,763
249,331,768
250,331,785
251,331,761
252,331,779
253,331,755
254,331,767
177,332,770
178,332,774
179,332,764
180,332,773
181,332,774
182,332,754
183,332,784
184,332,761
185,332,778
186,332,753
187,332,770
188,332,761
189,332,774
190,332,777
191,332,755
192,332,778
193,332,766
194,332,772
195,332,770
196,332,766
197,332,769
198,332,770
199,332,766
200,332,770
201,332,765
202,332,753
203,332,773
204,332,755
205,332,770
206,332,766
207,332,756
208,332,777
209,332,756
210,332,775
211,332,760
212,332,778
213,332,772
214,332,753
215,332,777
216,332,754
217,332,767
218,332,774
219,332,770
220,332,776
221,332,774
222,332,772
223,332,752
224,332,777
225,332,772
226,332,777
227,332,768
228,332,774
229,332,769
230,332,756
231,332,777
232,332,767
233,332,781
234,332,764
235,332,773
236,332,764
237,332,755
238,332,773
239,332,755
240,332,776
241,332,768
242,332,775
243,332,768
244,332,768
245,332,772
246,332,765
247,332,781
248,332,759
249,332,778
250,332,777
251,332,754
178,333,763
179,333,764
180,333,768
181,333,758
182,333,770
183,333,765
184,333,766
185,333,763
186,333,763
187,333,765
188,333,770
189,333,764
190,333,763
191,333,756
192,333,760
193,333,765
194,333,749
195,333,778
196,333,761
197,333,754
198,333,765
199,333,758
200,333,773
201,333,763
202,333,783
203,333,767
204,333,775
205,333,774
206,333,761
207,333,781
208,333,759
209,333,766
210,333,769
211,333,771
212,333,766
213,333,770
214,333,770
215,333,768
216,333,770
217,333,767
218,333,769
219,333,756
220,333,762
221,333,766
222,333,766
223,333,769
224,333,760
225,333,772
226,333,773
227,333,770
228,333,766
229,333,764
230,333,774
231,333,761
232,333,757
233,333,765
234,333,776
235,333,763
236,333,767
237,333,771
238,333,763
239,333,767
240,333,762
241,333,782
242,333,782
243,333,778
244,333,779
245,333,766
246,333,776
247,333,761
248,333,767
180,334,774
181,334,764
182,334,779
183,334,760
184,334,769
185,334,767
186,334,753
187,334,779
188,334,751
189,334,784
190,334,762
191,334,773
192,334,773
193,334,771
194,334,775
195,334,771
196,334,771
197,334,763
198,334,777
199,334,764
200,334,782
201,334,759
202,334,762
203,334,784
204,334,755
205,334,779
206,334,742
207,334,776
208,334,749
209,334,766
210,334,758
211,334,759
212,334,776
213,334,749
214,334,774
215,334,764
216,334,759
217,334,772
218,334,760
219,334,777
220,334,762
221,334,784
222,334,747
223,334,774
224,334,768
225,334,768
226,334,785
227,334,767
228,334,781
229,334,760
230,334,771
231,334,773
232,334,749
233,334,775
234,334,758
235,334,780
236,334,768
237,334,783
238,334,770
239,334,782
240,334,770
241,334,772
242,334,786
243,334,775
244,334,796
245,334,765
181,335,766
182,335,766
183,335,756
184,335,770
185,335,762
186,335,771
187,335,767
188,335,765
189,335,766
190,335,771
191,335,770
192,335,769
193,335,772
194,335,773
195,335,767
196,335,775
197,335,764
198,335,764
199,335,766
200,335,758
201,335,767
202,335,770
203,335,768
204,335,777
205,335,767
206,335,775
207,335,769
208,335,761
209,335,766
210,335,770
211,335,765
212,335,769
213,335,771
214,335,760
215,335,779
216,335,766
217,335,762
218,335,769
219,335,770
220,335,768
221,335,781
222,335,773
223,335,780
224,335,757
225,335,763
226,335,775
227,335,764
228,335,773
229,335,773
230,335,764
231,335,784
232,335,756
233,335,781
234,335,758
235,335,760
236,335,771
237,335,754
238,335,775
239,335,747
240,335,773
241,335,776
242,335,763
183,336,759
184,336,771
185,336,754
186,336,777
187,336,759
188,336,759
189,336,773
190,336,761
191,336,770
192,336,763
193,336,765
194,336,766
195,336,771
196,336,759
197,336,764
198,336,764
199,336,744
200,336,778
201,336,757
202,336,769
203,336,763
204,336,756
205,336,770
206,336,752
207,336,766
208,336,766
209,336,763
210,336,774
211,336,764
212,336,767
213,336,766
214,336,764
215,336,773
216,336,769
217,336,761
218,336,782
219,336,761
220,336,773
221,336,764
222,336,759
223,336,778
224,336,756
225,336,780
226,336,771
227,336,762
228,336,776
229,336,760
230,336,790
231,336,759
232,336,769
233,336,773
234,336,757
235,336,772
236,336,760
237,336,764
238,336,777
239,336,779
184,337,760
185,337,767
186,337,758
187,337,767
188,337,770
189,337,760
190,337,771
191,337,753
192,337,779
193,337,772
194,337,778
195,337,768
196,337,765
197,337,769
198,337,770
199,337,773
200,337,771
201,337,764
202,337,767
203,337,767
204,337,758
205,337,763
206,337,768
207,337,772
208,337,776
209,337,764
210,337,775
211,337,761
212,337,766
213,337,755
214,337,763
215,337,772
216,337,761
217,337,767
218,337,752
219,337,754
220,337,771
221,337,751
222,337,772
223,337,760
224,337,760
225,337,767
226,337,758
227,337,762
228,337,774
229,337,761
230,337,765
231,337,757
232,337,760
233,337,764
234,337,754
235,337,770
236,337,752
185,338,767
186,338,784
187,338,759
188,338,772
189,338,773
190,338,768
191,338,763
192,338,773
193,338,777
194,338,764
195,338,785
196,338,762
197,338,779
198,338,765
199,338,771
200,338,771
201,338,748
202,338,785
203,338,756
204,338,795
205,338,770
206,338,771
207,338,780
208,338,749
209,338,776
210,338,756
211,338,762
212,338,765
213,338,758
214,338,778
215,338,776
216,338,775
217,338,762
218,338,764
219,338,756
220,338,773
221,338,761
222,338,770
223,338,772
224,338,758
225,338,781
226,338,749
227,338,780
228,338,769
229,338,758
230,338,771
231,338,749
232,338,780
233,338,759
187,339,771
188,339,759
189,339,765
190,339,759
191,339,771
192,339,769
193,339,758
194,339,778
195,339,752
196,339,763
197,339,758
198,339,760
199,339,774
200,339,751
201,339,771
202,339,757
203,339,758
204,339,762
205,339,755
206,339,760
207,339,761
208,339,762
209,339,766
210,339,759
211,339,770
212,339,764
213,339,753
214,339,767
215,339,753
216,339,772
217,339,773
218,339,762
219,339,775
220,339,755
221,339,777
222,339,775
223,339,769
224,339,770
225,339,760
226,339,769
227,339,764
228,339,759
229,339,764
230,339,769
188,340,769
189,340,769
190,340,762
191,340,773
192,340,769
193,340,759
194,340,759
195,340,757
196,340,772
197,340,772
198,340,753
199,340,772
200,340,755
201,340,771
202,340,759
203,340,757
204,340,772
205,340,748
206,340,776
207,340,764
208,340,757
209,340,767
210,340,762
211,340,762
212,340,755
213,340,763
214,340,753
215,340,758
216,340,760
217,340,757
218,340,762
219,340,754
220,340,751
221,340,758
222,340,762
223,340,765
224,340,771
225,340,766
226,340,747
227,340,760
189,341,760
190,341,759
191,341,772
192,341,751
193,341,774
194,341,768
195,341,760
196,341,772
197,341,756
198,341,778
199,341,766
200,341,763
201,341,778
202,341,760
203,341,772
204,341,764
205,341,762
206,341,768
207,341,756
208,341,770
209,341,769
210,341,772
211,341,777
212,341,763
213,341,782
214,341,762
215,341,780
216,341,765
217,341,768
218,341,772
219,341,761
220,341,774
221,341,764
222,341,767
223,341,763
224,341,767
225,341,773
192,342,768
193,342,772
194,342,758
195,342,764
196,342,756
197,342,770
198,342,757
199,342,765
200,342,760
201,342,768
202,342,772
203,342,761
204,342,772
205,342,770
206,342,771
207,342,774
208,342,771
209,342,774
210,342,771
211,342,760
212,342,767
213,342,770
214,342,771
215,342,772
216,342,762
217,342,766
218,342,763
219,342,761
220,342,774
221,342,758
222,342,773
196,343,769
197,343,772
198,343,773
199,343,766
200,343,775
201,343,755
202,343,763
203,343,767
204,343,783
205,343,767
206,343,774
207,343,764
208,343,763
209,343,767
210,343,755
211,343,771
212,343,760
213,343,760
214,343,767
215,343,765
216,343,760
217,343,766
218,343,770
219,343,761
200,344,760
201,344,760
202,344,763
203,344,769
204,344,770
205,344,758
206,344,768
207,344,762
208,344,766
209,344,759
210,344,771
211,344,783
212,344,761
213,344,761
214,344,770
215,344,758
216,344,779
204,345,767
205,345,758
206,345,763
207,345,753
208,345,783
209,345,759
210,345,757
211,345,768
212,345,764
213,345,782
208,346,781
209,346,744
210,346,780
